PriceDate : 20240903
EffectiveDate : 20191220
Maturity : 20341220
NAFlag : 0
NA : 40000000000.000000
NAdditionalHolidays : 1, 1
AdditionalHolidays : 20240101, 20241225
NationFlag : 0, 0
NumCpnAnn : 4, 0
MaxLossRetRcvPay : 1.000000, 1.000000, 1.000000, 1.000000
MultipleRatefixPayoffRcvPay : 1.000000, 1.000000, 0.000000, 0.000000
DayCountRcvPay : 0, 3
PowerSpreadFlagRcvPay : 0, 0
RangeMaxMinRcvPay : 1.000000, 0.000000, 0.800000, -0.800000
InfoRefRateRcvPay : 4.000000, 0.250000, 10.000000, 5.000000, 4.000000, 10.000000, 10.000000, 5.000000
RcvLegFixedRate : -0.000100
RcvLegRangeCoupon : 0.000000
RcvLegStructuredFlag : 1
PayLegFixedRate : 0.020200
PayLegRangeCoupon : 0.000000
PayLegStructuredFlag : 0
Phase2UseFlag : 0
Phase2Date : 20250727
Phase2RcvLegFixedRate : -0.000100
Phase2RcvLegRangeCoupon : 0.000000
Phase2RcvLegStructuredFlag : 1
Phase2PayLegFixedRate : 0.020200
Phase2PayLegRangeCoupon : 0.000000
Phase2PayLegStructuredFlag : 0
NumCpnAnnPhase2RcvPay : 4, 0
NOption : 13
OptionDate : 20211124, 20221124, 20231124, 20241126, 20251126, 20261125, 20271124, 20281124, 20291126, 20301126, 20311126, 20321124, 20331124
OptionDate : 20211220, 20221220, 20231220, 20241220, 20251222, 20261221, 20271220, 20281220, 20291220, 20301220, 20311222, 20321220, 20331220
OptionType : 0
NRcvRateHistory : 4
RcvRateHistoryDate : 20240101, 20220727, 20220911, 20240620
RcvRateHistoryDate : 0.037000, 0.037000, 0.037000, 0.036000
NPayRateHistory : 4
PayRateHistoryDate : 20240101, 20220727, 20220911, 20240620
PayRateHistoryDate : 0.035000, 0.030000, 0.030000, 0.036000
NZeroRate : 21
ZeroTerm : 0.002740, 0.005479, 0.252055, 0.498630, 0.750685, 1.002740, 1.498630, 2.002740, 3.008219, 4.005479, 5.005479, 6.005479, 7.005479, 8.013699, 9.010959, 10.008219, 12.010959, 15.013699, 20.019178, 25.024658, 30.021918
ZeroRate : 0.035068, 0.035068, 0.034949, 0.033959, 0.032936, 0.031911, 0.030758, 0.030029, 0.029299, 0.028999, 0.028929, 0.028882, 0.028969, 0.029082, 0.029111, 0.029254, 0.029455, 0.029357, 0.028538, 0.027635, 0.025067
NZeroDiscRate : 21
ZeroDiscTerm : 0.002740, 0.005479, 0.252055, 0.498630, 0.750685, 1.002740, 1.498630, 2.002740, 3.008219, 4.005479, 5.005479, 6.005479, 7.005479, 8.013699, 9.010959, 10.008219, 12.010959, 15.013699, 20.019178, 25.024658, 30.021918
ZeroDiscRate : 0.035068, 0.035068, 0.034949, 0.033959, 0.032936, 0.031911, 0.030758, 0.030029, 0.029299, 0.028999, 0.028929, 0.028882, 0.028969, 0.029082, 0.029111, 0.029254, 0.029455, 0.029357, 0.028538, 0.027635, 0.025067
HW2FFlag : 0
NHWVol : 12
HWVolTerm : 0.002740, 0.084932, 0.250000, 0.500000, 1.000000, 2.000000, 3.000000, 4.010000, 5.000000, 7.000000, 9.230000, 39.230000
HWVol : 0.007182, 0.007182, 0.006668, 0.006625, 0.006302, 0.005670, 0.005591, 0.004940, 0.005055, 0.005168, 0.005051, 0.005051, 0.000000, 0.000000, 0.000000, 0.000000, 0.000000, 0.000000, 0.000000, 0.000000, 0.000000, 0.000000, 0.000000, 0.000000
kappa : 0.007050, 0.011919
FactorCorrelation : -0.877126
InterestRateRoundingRcvPay : 0, 4
DF_in_FDMTimeGreed : 20341220.000000, 10.301370, 10.301370, 1.000000
DF_in_FDMTimeGreed : 20340920.000000, 10.052055, 10.301370, 0.992476
DF_in_FDMTimeGreed : 20340620.000000, 9.800000, 10.052055, 0.992319
DF_in_FDMTimeGreed : 20340320.000000, 9.547945, 9.800000, 0.992318
DF_in_FDMTimeGreed : 20331220.000000, 9.301370, 9.547945, 0.992502
RcvLastFixingPayoff_1F : -997260.273973, -997260.273973, -997260.273973, -997260.273973, -997260.273973, -997260.273973, -997260.273973, -997260.273973, -997260.273973, -997260.273973, -997260.273973, -997260.273973, -997260.273973, -997260.273973, -997260.273973, -997260.273973, -997260.273973, -997260.273973, -997260.273973, -997260.273973, -997260.273973, -997260.273973, -997260.273973, -997260.273973, -997260.273973, -997260.273973, -997260.273973, -997260.273973, -997260.273973, -997260.273973, -997260.273973, -997260.273973, -997260.273973, -997260.273973, -997260.273973, -997260.273973, -997260.273973, -997260.273973, -997260.273973, -997260.273973, -997260.273973, -997260.273973, -997260.273973, -997260.273973, -997260.273973, -997260.273973, -997260.273973, -997260.273973, -997260.273973, -997260.273973, -997260.273973, -997260.273973, -997260.273973, -997260.273973, -997260.273973, -997260.273973, -997260.273973, -997260.273973, -997260.273973, -997260.273973, -997260.273973, -997260.273973, -997260.273973, -997260.273973, -997260.273973, -997260.273973, -997260.273973, -997260.273973, -997260.273973, -997260.273973, -997260.273973, -997260.273973, -997260.273973, -997260.273973, -997260.273973, -997260.273973, -997260.273973, -997260.273973, -997260.273973, -997260.273973, -997260.273973, -997260.273973, -997260.273973, -997260.273973, -997260.273973, -997260.273973, -997260.273973, -997260.273973, -997260.273973, -997260.273973, -997260.273973, -997260.273973, -997260.273973, -997260.273973, -997260.273973, -997260.273973, -997260.273973, -997260.273973, -997260.273973, -997260.273973
PayLastFixingPayoff_1F : 12928000000.000000, 12928000000.000000, 12928000000.000000, 12928000000.000000, 12928000000.000000, 12928000000.000000, 12928000000.000000, 12928000000.000000, 12928000000.000000, 12928000000.000000, 12928000000.000000, 12928000000.000000, 12928000000.000000, 12928000000.000000, 12928000000.000000, 12928000000.000000, 12928000000.000000, 12928000000.000000, 12928000000.000000, 12928000000.000000, 12928000000.000000, 12928000000.000000, 12928000000.000000, 12928000000.000000, 12928000000.000000, 12928000000.000000, 12928000000.000000, 12928000000.000000, 12928000000.000000, 12928000000.000000, 12928000000.000000, 12928000000.000000, 12928000000.000000, 12928000000.000000, 12928000000.000000, 12928000000.000000, 12928000000.000000, 12928000000.000000, 12928000000.000000, 12928000000.000000, 12928000000.000000, 12928000000.000000, 12928000000.000000, 12928000000.000000, 12928000000.000000, 12928000000.000000, 12928000000.000000, 12928000000.000000, 12928000000.000000, 12928000000.000000, 12928000000.000000, 12928000000.000000, 12928000000.000000, 12928000000.000000, 12928000000.000000, 12928000000.000000, 12928000000.000000, 12928000000.000000, 12928000000.000000, 12928000000.000000, 12928000000.000000, 12928000000.000000, 12928000000.000000, 12928000000.000000, 12928000000.000000, 12928000000.000000, 12928000000.000000, 12928000000.000000, 12928000000.000000, 12928000000.000000, 12928000000.000000, 12928000000.000000, 12928000000.000000, 12928000000.000000, 12928000000.000000, 12928000000.000000, 12928000000.000000, 12928000000.000000, 12928000000.000000, 12928000000.000000, 12928000000.000000, 12928000000.000000, 12928000000.000000, 12928000000.000000, 12928000000.000000, 12928000000.000000, 12928000000.000000, 12928000000.000000, 12928000000.000000, 12928000000.000000, 12928000000.000000, 12928000000.000000, 12928000000.000000, 12928000000.000000, 12928000000.000000, 12928000000.000000, 12928000000.000000, 12928000000.000000, 12928000000.000000, 12928000000.000000
PayLastFixingPayoff_1F : 1.323105
DF_in_FDMTimeGreed : 20331124.000000, 9.230137, 9.301370, 0.997831
RcvLastFixingPayoff_1F : -997260.273973, -997260.273973, -997260.273973, -997260.273973, -997260.273973, -997260.273973, -997260.273973, -997260.273973, -997260.273973, -997260.273973, -997260.273973, -997260.273973, -997260.273973, -997260.273973, -997260.273973, -997260.273973, -997260.273973, -997260.273973, -997260.273973, -997260.273973, -997260.273973, -997260.273973, -997260.273973, -997260.273973, -997260.273973, -997260.273973, -997260.273973, -997260.273973, -997260.273973, -997260.273973, -997260.273973, -997260.273973, -997260.273973, -997260.273973, -997260.273973, -997260.273973, -997260.273973, -997260.273973, -997260.273973, -997260.273973, -997260.273973, -997260.273973, -997260.273973, -997260.273973, -997260.273973, -997260.273973, -997260.273973, -997260.273973, -997260.273973, -997260.273973, -997260.273973, -997260.273973, -997260.273973, -997260.273973, -997260.273973, -997260.273973, -997260.273973, -997260.273973, -997260.273973, -997260.273973, -997260.273973, -997260.273973, -997260.273973, -997260.273973, -997260.273973, -997260.273973, -997260.273973, -997260.273973, -997260.273973, -997260.273973, -997260.273973, -997260.273973, -997260.273973, -997260.273973, -997260.273973, -997260.273973, -997260.273973, -997260.273973, -997260.273973, -997260.273973, -997260.273973, -997260.273973, -997260.273973, -997260.273973, -997260.273973, -997260.273973, -997260.273973, -997260.273973, -997260.273973, -997260.273973, -997260.273973, -997260.273973, -997260.273973, -997260.273973, -997260.273973, -997260.273973, -997260.273973, -997260.273973, -997260.273973, -997260.273973
PayLastFixingPayoff_1F : 12928000000.000000, 12928000000.000000, 12928000000.000000, 12928000000.000000, 12928000000.000000, 12928000000.000000, 12928000000.000000, 12928000000.000000, 12928000000.000000, 12928000000.000000, 12928000000.000000, 12928000000.000000, 12928000000.000000, 12928000000.000000, 12928000000.000000, 12928000000.000000, 12928000000.000000, 12928000000.000000, 12928000000.000000, 12928000000.000000, 12928000000.000000, 12928000000.000000, 12928000000.000000, 12928000000.000000, 12928000000.000000, 12928000000.000000, 12928000000.000000, 12928000000.000000, 12928000000.000000, 12928000000.000000, 12928000000.000000, 12928000000.000000, 12928000000.000000, 12928000000.000000, 12928000000.000000, 12928000000.000000, 12928000000.000000, 12928000000.000000, 12928000000.000000, 12928000000.000000, 12928000000.000000, 12928000000.000000, 12928000000.000000, 12928000000.000000, 12928000000.000000, 12928000000.000000, 12928000000.000000, 12928000000.000000, 12928000000.000000, 12928000000.000000, 12928000000.000000, 12928000000.000000, 12928000000.000000, 12928000000.000000, 12928000000.000000, 12928000000.000000, 12928000000.000000, 12928000000.000000, 12928000000.000000, 12928000000.000000, 12928000000.000000, 12928000000.000000, 12928000000.000000, 12928000000.000000, 12928000000.000000, 12928000000.000000, 12928000000.000000, 12928000000.000000, 12928000000.000000, 12928000000.000000, 12928000000.000000, 12928000000.000000, 12928000000.000000, 12928000000.000000, 12928000000.000000, 12928000000.000000, 12928000000.000000, 12928000000.000000, 12928000000.000000, 12928000000.000000, 12928000000.000000, 12928000000.000000, 12928000000.000000, 12928000000.000000, 12928000000.000000, 12928000000.000000, 12928000000.000000, 12928000000.000000, 12928000000.000000, 12928000000.000000, 12928000000.000000, 12928000000.000000, 12928000000.000000, 12928000000.000000, 12928000000.000000, 12928000000.000000, 12928000000.000000, 12928000000.000000, 12928000000.000000, 12928000000.000000
PayLastFixingPayoff_1F : 1.323105
DF_in_FDMTimeGreed : 20330920.000000, 9.052055, 9.230137, 0.994594
DF_in_FDMTimeGreed : 20330620.000000, 8.800000, 9.052055, 0.992583
DF_in_FDMTimeGreed : 20330321.000000, 8.550685, 8.800000, 0.992708
DF_in_FDMTimeGreed : 20321220.000000, 8.301370, 8.550685, 0.992712
RcvLastFixingPayoff_1F : -975342.465753, -975342.465753, -975342.465753, -975342.465753, -975342.465753, -975342.465753, -975342.465753, -975342.465753, -975342.465753, -975342.465753, -975342.465753, -975342.465753, -975342.465753, -975342.465753, -975342.465753, -975342.465753, -975342.465753, -975342.465753, -975342.465753, -975342.465753, -975342.465753, -975342.465753, -975342.465753, -975342.465753, -975342.465753, -975342.465753, -975342.465753, -975342.465753, -975342.465753, -975342.465753, -975342.465753, -975342.465753, -975342.465753, -975342.465753, -975342.465753, -975342.465753, -975342.465753, -975342.465753, -975342.465753, -975342.465753, -975342.465753, -975342.465753, -975342.465753, -975342.465753, -975342.465753, -975342.465753, -975342.465753, -975342.465753, -975342.465753, -975342.465753, -975342.465753, -975342.465753, -975342.465753, -975342.465753, -975342.465753, -975342.465753, -975342.465753, -975342.465753, -975342.465753, -975342.465753, -975342.465753, -975342.465753, -975342.465753, -975342.465753, -975342.465753, -975342.465753, -975342.465753, -975342.465753, -975342.465753, -975342.465753, -975342.465753, -975342.465753, -975342.465753, -975342.465753, -975342.465753, -975342.465753, -975342.465753, -975342.465753, -975342.465753, -975342.465753, -975342.465753, -975342.465753, -975342.465753, -975342.465753, -975342.465753, -975342.465753, -975342.465753, -975342.465753, -975342.465753, -975342.465753, -975342.465753, -975342.465753, -975342.465753, -975342.465753, -975342.465753, -975342.465753, -975342.465753, -975342.465753, -975342.465753, -975342.465753
PayLastFixingPayoff_1F : 11880000000.000000, 11880000000.000000, 11880000000.000000, 11880000000.000000, 11880000000.000000, 11880000000.000000, 11880000000.000000, 11880000000.000000, 11880000000.000000, 11880000000.000000, 11880000000.000000, 11880000000.000000, 11880000000.000000, 11880000000.000000, 11880000000.000000, 11880000000.000000, 11880000000.000000, 11880000000.000000, 11880000000.000000, 11880000000.000000, 11880000000.000000, 11880000000.000000, 11880000000.000000, 11880000000.000000, 11880000000.000000, 11880000000.000000, 11880000000.000000, 11880000000.000000, 11880000000.000000, 11880000000.000000, 11880000000.000000, 11880000000.000000, 11880000000.000000, 11880000000.000000, 11880000000.000000, 11880000000.000000, 11880000000.000000, 11880000000.000000, 11880000000.000000, 11880000000.000000, 11880000000.000000, 11880000000.000000, 11880000000.000000, 11880000000.000000, 11880000000.000000, 11880000000.000000, 11880000000.000000, 11880000000.000000, 11880000000.000000, 11880000000.000000, 11880000000.000000, 11880000000.000000, 11880000000.000000, 11880000000.000000, 11880000000.000000, 11880000000.000000, 11880000000.000000, 11880000000.000000, 11880000000.000000, 11880000000.000000, 11880000000.000000, 11880000000.000000, 11880000000.000000, 11880000000.000000, 11880000000.000000, 11880000000.000000, 11880000000.000000, 11880000000.000000, 11880000000.000000, 11880000000.000000, 11880000000.000000, 11880000000.000000, 11880000000.000000, 11880000000.000000, 11880000000.000000, 11880000000.000000, 11880000000.000000, 11880000000.000000, 11880000000.000000, 11880000000.000000, 11880000000.000000, 11880000000.000000, 11880000000.000000, 11880000000.000000, 11880000000.000000, 11880000000.000000, 11880000000.000000, 11880000000.000000, 11880000000.000000, 11880000000.000000, 11880000000.000000, 11880000000.000000, 11880000000.000000, 11880000000.000000, 11880000000.000000, 11880000000.000000, 11880000000.000000, 11880000000.000000, 11880000000.000000, 11880000000.000000
PayLastFixingPayoff_1F : 1.296908
DF_in_FDMTimeGreed : 20321124.000000, 8.230137, 8.301370, 0.997913
RcvLastFixingPayoff_1F : -975342.465753, -975342.465753, -975342.465753, -975342.465753, -975342.465753, -975342.465753, -975342.465753, -975342.465753, -975342.465753, -975342.465753, -975342.465753, -975342.465753, -975342.465753, -975342.465753, -975342.465753, -975342.465753, -975342.465753, -975342.465753, -975342.465753, -975342.465753, -975342.465753, -975342.465753, -975342.465753, -975342.465753, -975342.465753, -975342.465753, -975342.465753, -975342.465753, -975342.465753, -975342.465753, -975342.465753, -975342.465753, -975342.465753, -975342.465753, -975342.465753, -975342.465753, -975342.465753, -975342.465753, -975342.465753, -975342.465753, -975342.465753, -975342.465753, -975342.465753, -975342.465753, -975342.465753, -975342.465753, -975342.465753, -975342.465753, -975342.465753, -975342.465753, -975342.465753, -975342.465753, -975342.465753, -975342.465753, -975342.465753, -975342.465753, -975342.465753, -975342.465753, -975342.465753, -975342.465753, -975342.465753, -975342.465753, -975342.465753, -975342.465753, -975342.465753, -975342.465753, -975342.465753, -975342.465753, -975342.465753, -975342.465753, -975342.465753, -975342.465753, -975342.465753, -975342.465753, -975342.465753, -975342.465753, -975342.465753, -975342.465753, -975342.465753, -975342.465753, -975342.465753, -975342.465753, -975342.465753, -975342.465753, -975342.465753, -975342.465753, -975342.465753, -975342.465753, -975342.465753, -975342.465753, -975342.465753, -975342.465753, -975342.465753, -975342.465753, -975342.465753, -975342.465753, -975342.465753, -975342.465753, -975342.465753, -975342.465753
PayLastFixingPayoff_1F : 11880000000.000000, 11880000000.000000, 11880000000.000000, 11880000000.000000, 11880000000.000000, 11880000000.000000, 11880000000.000000, 11880000000.000000, 11880000000.000000, 11880000000.000000, 11880000000.000000, 11880000000.000000, 11880000000.000000, 11880000000.000000, 11880000000.000000, 11880000000.000000, 11880000000.000000, 11880000000.000000, 11880000000.000000, 11880000000.000000, 11880000000.000000, 11880000000.000000, 11880000000.000000, 11880000000.000000, 11880000000.000000, 11880000000.000000, 11880000000.000000, 11880000000.000000, 11880000000.000000, 11880000000.000000, 11880000000.000000, 11880000000.000000, 11880000000.000000, 11880000000.000000, 11880000000.000000, 11880000000.000000, 11880000000.000000, 11880000000.000000, 11880000000.000000, 11880000000.000000, 11880000000.000000, 11880000000.000000, 11880000000.000000, 11880000000.000000, 11880000000.000000, 11880000000.000000, 11880000000.000000, 11880000000.000000, 11880000000.000000, 11880000000.000000, 11880000000.000000, 11880000000.000000, 11880000000.000000, 11880000000.000000, 11880000000.000000, 11880000000.000000, 11880000000.000000, 11880000000.000000, 11880000000.000000, 11880000000.000000, 11880000000.000000, 11880000000.000000, 11880000000.000000, 11880000000.000000, 11880000000.000000, 11880000000.000000, 11880000000.000000, 11880000000.000000, 11880000000.000000, 11880000000.000000, 11880000000.000000, 11880000000.000000, 11880000000.000000, 11880000000.000000, 11880000000.000000, 11880000000.000000, 11880000000.000000, 11880000000.000000, 11880000000.000000, 11880000000.000000, 11880000000.000000, 11880000000.000000, 11880000000.000000, 11880000000.000000, 11880000000.000000, 11880000000.000000, 11880000000.000000, 11880000000.000000, 11880000000.000000, 11880000000.000000, 11880000000.000000, 11880000000.000000, 11880000000.000000, 11880000000.000000, 11880000000.000000, 11880000000.000000, 11880000000.000000, 11880000000.000000, 11880000000.000000, 11880000000.000000
PayLastFixingPayoff_1F : 1.296908
DF_in_FDMTimeGreed : 20320922.000000, 8.057534, 8.230137, 0.994952
DF_in_FDMTimeGreed : 20320621.000000, 7.802740, 8.057534, 0.992424
DF_in_FDMTimeGreed : 20320322.000000, 7.553425, 7.802740, 0.992572
DF_in_FDMTimeGreed : 20311222.000000, 7.304110, 7.553425, 0.992586
RcvLastFixingPayoff_1F : -997260.273973, -997260.273973, -997260.273973, -997260.273973, -997260.273973, -997260.273973, -997260.273973, -997260.273973, -997260.273973, -997260.273973, -997260.273973, -997260.273973, -997260.273973, -997260.273973, -997260.273973, -997260.273973, -997260.273973, -997260.273973, -997260.273973, -997260.273973, -997260.273973, -997260.273973, -997260.273973, -997260.273973, -997260.273973, -997260.273973, -997260.273973, -997260.273973, -997260.273973, -997260.273973, -997260.273973, -997260.273973, -997260.273973, -997260.273973, -997260.273973, -997260.273973, -997260.273973, -997260.273973, -997260.273973, -997260.273973, -997260.273973, -997260.273973, -997260.273973, -997260.273973, -997260.273973, -997260.273973, -997260.273973, -997260.273973, -997260.273973, -997260.273973, -997260.273973, -997260.273973, -997260.273973, -997260.273973, -997260.273973, -997260.273973, -997260.273973, -997260.273973, -997260.273973, -997260.273973, -997260.273973, -997260.273973, -997260.273973, -997260.273973, -997260.273973, -997260.273973, -997260.273973, -997260.273973, -997260.273973, -997260.273973, -997260.273973, -997260.273973, -997260.273973, -997260.273973, -997260.273973, -997260.273973, -997260.273973, -997260.273973, -997260.273973, -997260.273973, -997260.273973, -997260.273973, -997260.273973, -997260.273973, -997260.273973, -997260.273973, -997260.273973, -997260.273973, -997260.273973, -997260.273973, -997260.273973, -997260.273973, -997260.273973, -997260.273973, -997260.273973, -997260.273973, -997260.273973, -997260.273973, -997260.273973, -997260.273973
PayLastFixingPayoff_1F : 10852000000.000000, 10852000000.000000, 10852000000.000000, 10852000000.000000, 10852000000.000000, 10852000000.000000, 10852000000.000000, 10852000000.000000, 10852000000.000000, 10852000000.000000, 10852000000.000000, 10852000000.000000, 10852000000.000000, 10852000000.000000, 10852000000.000000, 10852000000.000000, 10852000000.000000, 10852000000.000000, 10852000000.000000, 10852000000.000000, 10852000000.000000, 10852000000.000000, 10852000000.000000, 10852000000.000000, 10852000000.000000, 10852000000.000000, 10852000000.000000, 10852000000.000000, 10852000000.000000, 10852000000.000000, 10852000000.000000, 10852000000.000000, 10852000000.000000, 10852000000.000000, 10852000000.000000, 10852000000.000000, 10852000000.000000, 10852000000.000000, 10852000000.000000, 10852000000.000000, 10852000000.000000, 10852000000.000000, 10852000000.000000, 10852000000.000000, 10852000000.000000, 10852000000.000000, 10852000000.000000, 10852000000.000000, 10852000000.000000, 10852000000.000000, 10852000000.000000, 10852000000.000000, 10852000000.000000, 10852000000.000000, 10852000000.000000, 10852000000.000000, 10852000000.000000, 10852000000.000000, 10852000000.000000, 10852000000.000000, 10852000000.000000, 10852000000.000000, 10852000000.000000, 10852000000.000000, 10852000000.000000, 10852000000.000000, 10852000000.000000, 10852000000.000000, 10852000000.000000, 10852000000.000000, 10852000000.000000, 10852000000.000000, 10852000000.000000, 10852000000.000000, 10852000000.000000, 10852000000.000000, 10852000000.000000, 10852000000.000000, 10852000000.000000, 10852000000.000000, 10852000000.000000, 10852000000.000000, 10852000000.000000, 10852000000.000000, 10852000000.000000, 10852000000.000000, 10852000000.000000, 10852000000.000000, 10852000000.000000, 10852000000.000000, 10852000000.000000, 10852000000.000000, 10852000000.000000, 10852000000.000000, 10852000000.000000, 10852000000.000000, 10852000000.000000, 10852000000.000000, 10852000000.000000, 10852000000.000000
PayLastFixingPayoff_1F : 1.271229
DF_in_FDMTimeGreed : 20311126.000000, 7.232877, 7.304110, 0.997879
RcvLastFixingPayoff_1F : -997260.273973, -997260.273973, -997260.273973, -997260.273973, -997260.273973, -997260.273973, -997260.273973, -997260.273973, -997260.273973, -997260.273973, -997260.273973, -997260.273973, -997260.273973, -997260.273973, -997260.273973, -997260.273973, -997260.273973, -997260.273973, -997260.273973, -997260.273973, -997260.273973, -997260.273973, -997260.273973, -997260.273973, -997260.273973, -997260.273973, -997260.273973, -997260.273973, -997260.273973, -997260.273973, -997260.273973, -997260.273973, -997260.273973, -997260.273973, -997260.273973, -997260.273973, -997260.273973, -997260.273973, -997260.273973, -997260.273973, -997260.273973, -997260.273973, -997260.273973, -997260.273973, -997260.273973, -997260.273973, -997260.273973, -997260.273973, -997260.273973, -997260.273973, -997260.273973, -997260.273973, -997260.273973, -997260.273973, -997260.273973, -997260.273973, -997260.273973, -997260.273973, -997260.273973, -997260.273973, -997260.273973, -997260.273973, -997260.273973, -997260.273973, -997260.273973, -997260.273973, -997260.273973, -997260.273973, -997260.273973, -997260.273973, -997260.273973, -997260.273973, -997260.273973, -997260.273973, -997260.273973, -997260.273973, -997260.273973, -997260.273973, -997260.273973, -997260.273973, -997260.273973, -997260.273973, -997260.273973, -997260.273973, -997260.273973, -997260.273973, -997260.273973, -997260.273973, -997260.273973, -997260.273973, -997260.273973, -997260.273973, -997260.273973, -997260.273973, -997260.273973, -997260.273973, -997260.273973, -997260.273973, -997260.273973, -997260.273973
PayLastFixingPayoff_1F : 10852000000.000000, 10852000000.000000, 10852000000.000000, 10852000000.000000, 10852000000.000000, 10852000000.000000, 10852000000.000000, 10852000000.000000, 10852000000.000000, 10852000000.000000, 10852000000.000000, 10852000000.000000, 10852000000.000000, 10852000000.000000, 10852000000.000000, 10852000000.000000, 10852000000.000000, 10852000000.000000, 10852000000.000000, 10852000000.000000, 10852000000.000000, 10852000000.000000, 10852000000.000000, 10852000000.000000, 10852000000.000000, 10852000000.000000, 10852000000.000000, 10852000000.000000, 10852000000.000000, 10852000000.000000, 10852000000.000000, 10852000000.000000, 10852000000.000000, 10852000000.000000, 10852000000.000000, 10852000000.000000, 10852000000.000000, 10852000000.000000, 10852000000.000000, 10852000000.000000, 10852000000.000000, 10852000000.000000, 10852000000.000000, 10852000000.000000, 10852000000.000000, 10852000000.000000, 10852000000.000000, 10852000000.000000, 10852000000.000000, 10852000000.000000, 10852000000.000000, 10852000000.000000, 10852000000.000000, 10852000000.000000, 10852000000.000000, 10852000000.000000, 10852000000.000000, 10852000000.000000, 10852000000.000000, 10852000000.000000, 10852000000.000000, 10852000000.000000, 10852000000.000000, 10852000000.000000, 10852000000.000000, 10852000000.000000, 10852000000.000000, 10852000000.000000, 10852000000.000000, 10852000000.000000, 10852000000.000000, 10852000000.000000, 10852000000.000000, 10852000000.000000, 10852000000.000000, 10852000000.000000, 10852000000.000000, 10852000000.000000, 10852000000.000000, 10852000000.000000, 10852000000.000000, 10852000000.000000, 10852000000.000000, 10852000000.000000, 10852000000.000000, 10852000000.000000, 10852000000.000000, 10852000000.000000, 10852000000.000000, 10852000000.000000, 10852000000.000000, 10852000000.000000, 10852000000.000000, 10852000000.000000, 10852000000.000000, 10852000000.000000, 10852000000.000000, 10852000000.000000, 10852000000.000000, 10852000000.000000
PayLastFixingPayoff_1F : 1.271229
DF_in_FDMTimeGreed : 20310922.000000, 7.054795, 7.232877, 0.994710
DF_in_FDMTimeGreed : 20310620.000000, 6.797260, 7.054795, 0.992406
DF_in_FDMTimeGreed : 20310320.000000, 6.545205, 6.797260, 0.992587
DF_in_FDMTimeGreed : 20301220.000000, 6.298630, 6.545205, 0.992758
RcvLastFixingPayoff_1F : -997260.273973, -997260.273973, -997260.273973, -997260.273973, -997260.273973, -997260.273973, -997260.273973, -997260.273973, -997260.273973, -997260.273973, -997260.273973, -997260.273973, -997260.273973, -997260.273973, -997260.273973, -997260.273973, -997260.273973, -997260.273973, -997260.273973, -997260.273973, -997260.273973, -997260.273973, -997260.273973, -997260.273973, -997260.273973, -997260.273973, -997260.273973, -997260.273973, -997260.273973, -997260.273973, -997260.273973, -997260.273973, -997260.273973, -997260.273973, -997260.273973, -997260.273973, -997260.273973, -997260.273973, -997260.273973, -997260.273973, -997260.273973, -997260.273973, -997260.273973, -997260.273973, -997260.273973, -997260.273973, -997260.273973, -997260.273973, -997260.273973, -997260.273973, -997260.273973, -997260.273973, -997260.273973, -997260.273973, -997260.273973, -997260.273973, -997260.273973, -997260.273973, -997260.273973, -997260.273973, -997260.273973, -997260.273973, -997260.273973, -997260.273973, -997260.273973, -997260.273973, -997260.273973, -997260.273973, -997260.273973, -997260.273973, -997260.273973, -997260.273973, -997260.273973, -997260.273973, -997260.273973, -997260.273973, -997260.273973, -997260.273973, -997260.273973, -997260.273973, -997260.273973, -997260.273973, -997260.273973, -997260.273973, -997260.273973, -997260.273973, -997260.273973, -997260.273973, -997260.273973, -997260.273973, -997260.273973, -997260.273973, -997260.273973, -997260.273973, -997260.273973, -997260.273973, -997260.273973, -997260.273973, -997260.273973, -997260.273973
PayLastFixingPayoff_1F : 9844000000.000000, 9844000000.000000, 9844000000.000000, 9844000000.000000, 9844000000.000000, 9844000000.000000, 9844000000.000000, 9844000000.000000, 9844000000.000000, 9844000000.000000, 9844000000.000000, 9844000000.000000, 9844000000.000000, 9844000000.000000, 9844000000.000000, 9844000000.000000, 9844000000.000000, 9844000000.000000, 9844000000.000000, 9844000000.000000, 9844000000.000000, 9844000000.000000, 9844000000.000000, 9844000000.000000, 9844000000.000000, 9844000000.000000, 9844000000.000000, 9844000000.000000, 9844000000.000000, 9844000000.000000, 9844000000.000000, 9844000000.000000, 9844000000.000000, 9844000000.000000, 9844000000.000000, 9844000000.000000, 9844000000.000000, 9844000000.000000, 9844000000.000000, 9844000000.000000, 9844000000.000000, 9844000000.000000, 9844000000.000000, 9844000000.000000, 9844000000.000000, 9844000000.000000, 9844000000.000000, 9844000000.000000, 9844000000.000000, 9844000000.000000, 9844000000.000000, 9844000000.000000, 9844000000.000000, 9844000000.000000, 9844000000.000000, 9844000000.000000, 9844000000.000000, 9844000000.000000, 9844000000.000000, 9844000000.000000, 9844000000.000000, 9844000000.000000, 9844000000.000000, 9844000000.000000, 9844000000.000000, 9844000000.000000, 9844000000.000000, 9844000000.000000, 9844000000.000000, 9844000000.000000, 9844000000.000000, 9844000000.000000, 9844000000.000000, 9844000000.000000, 9844000000.000000, 9844000000.000000, 9844000000.000000, 9844000000.000000, 9844000000.000000, 9844000000.000000, 9844000000.000000, 9844000000.000000, 9844000000.000000, 9844000000.000000, 9844000000.000000, 9844000000.000000, 9844000000.000000, 9844000000.000000, 9844000000.000000, 9844000000.000000, 9844000000.000000, 9844000000.000000, 9844000000.000000, 9844000000.000000, 9844000000.000000, 9844000000.000000, 9844000000.000000, 9844000000.000000, 9844000000.000000, 9844000000.000000
PayLastFixingPayoff_1F : 1.246059
DF_in_FDMTimeGreed : 20301126.000000, 6.232877, 6.298630, 0.998065
RcvLastFixingPayoff_1F : -997260.273973, -997260.273973, -997260.273973, -997260.273973, -997260.273973, -997260.273973, -997260.273973, -997260.273973, -997260.273973, -997260.273973, -997260.273973, -997260.273973, -997260.273973, -997260.273973, -997260.273973, -997260.273973, -997260.273973, -997260.273973, -997260.273973, -997260.273973, -997260.273973, -997260.273973, -997260.273973, -997260.273973, -997260.273973, -997260.273973, -997260.273973, -997260.273973, -997260.273973, -997260.273973, -997260.273973, -997260.273973, -997260.273973, -997260.273973, -997260.273973, -997260.273973, -997260.273973, -997260.273973, -997260.273973, -997260.273973, -997260.273973, -997260.273973, -997260.273973, -997260.273973, -997260.273973, -997260.273973, -997260.273973, -997260.273973, -997260.273973, -997260.273973, -997260.273973, -997260.273973, -997260.273973, -997260.273973, -997260.273973, -997260.273973, -997260.273973, -997260.273973, -997260.273973, -997260.273973, -997260.273973, -997260.273973, -997260.273973, -997260.273973, -997260.273973, -997260.273973, -997260.273973, -997260.273973, -997260.273973, -997260.273973, -997260.273973, -997260.273973, -997260.273973, -997260.273973, -997260.273973, -997260.273973, -997260.273973, -997260.273973, -997260.273973, -997260.273973, -997260.273973, -997260.273973, -997260.273973, -997260.273973, -997260.273973, -997260.273973, -997260.273973, -997260.273973, -997260.273973, -997260.273973, -997260.273973, -997260.273973, -997260.273973, -997260.273973, -997260.273973, -997260.273973, -997260.273973, -997260.273973, -997260.273973, -997260.273973
PayLastFixingPayoff_1F : 9844000000.000000, 9844000000.000000, 9844000000.000000, 9844000000.000000, 9844000000.000000, 9844000000.000000, 9844000000.000000, 9844000000.000000, 9844000000.000000, 9844000000.000000, 9844000000.000000, 9844000000.000000, 9844000000.000000, 9844000000.000000, 9844000000.000000, 9844000000.000000, 9844000000.000000, 9844000000.000000, 9844000000.000000, 9844000000.000000, 9844000000.000000, 9844000000.000000, 9844000000.000000, 9844000000.000000, 9844000000.000000, 9844000000.000000, 9844000000.000000, 9844000000.000000, 9844000000.000000, 9844000000.000000, 9844000000.000000, 9844000000.000000, 9844000000.000000, 9844000000.000000, 9844000000.000000, 9844000000.000000, 9844000000.000000, 9844000000.000000, 9844000000.000000, 9844000000.000000, 9844000000.000000, 9844000000.000000, 9844000000.000000, 9844000000.000000, 9844000000.000000, 9844000000.000000, 9844000000.000000, 9844000000.000000, 9844000000.000000, 9844000000.000000, 9844000000.000000, 9844000000.000000, 9844000000.000000, 9844000000.000000, 9844000000.000000, 9844000000.000000, 9844000000.000000, 9844000000.000000, 9844000000.000000, 9844000000.000000, 9844000000.000000, 9844000000.000000, 9844000000.000000, 9844000000.000000, 9844000000.000000, 9844000000.000000, 9844000000.000000, 9844000000.000000, 9844000000.000000, 9844000000.000000, 9844000000.000000, 9844000000.000000, 9844000000.000000, 9844000000.000000, 9844000000.000000, 9844000000.000000, 9844000000.000000, 9844000000.000000, 9844000000.000000, 9844000000.000000, 9844000000.000000, 9844000000.000000, 9844000000.000000, 9844000000.000000, 9844000000.000000, 9844000000.000000, 9844000000.000000, 9844000000.000000, 9844000000.000000, 9844000000.000000, 9844000000.000000, 9844000000.000000, 9844000000.000000, 9844000000.000000, 9844000000.000000, 9844000000.000000, 9844000000.000000, 9844000000.000000, 9844000000.000000, 9844000000.000000
PayLastFixingPayoff_1F : 1.246059
DF_in_FDMTimeGreed : 20300920.000000, 6.049315, 6.232877, 0.994613
DF_in_FDMTimeGreed : 20300620.000000, 5.797260, 6.049315, 0.992780
DF_in_FDMTimeGreed : 20300320.000000, 5.545205, 5.797260, 0.992809
DF_in_FDMTimeGreed : 20291220.000000, 5.298630, 5.545205, 0.992959
RcvLastFixingPayoff_1F : -997260.273973, -997260.273973, -997260.273973, -997260.273973, -997260.273973, -997260.273973, -997260.273973, -997260.273973, -997260.273973, -997260.273973, -997260.273973, -997260.273973, -997260.273973, -997260.273973, -997260.273973, -997260.273973, -997260.273973, -997260.273973, -997260.273973, -997260.273973, -997260.273973, -997260.273973, -997260.273973, -997260.273973, -997260.273973, -997260.273973, -997260.273973, -997260.273973, -997260.273973, -997260.273973, -997260.273973, -997260.273973, -997260.273973, -997260.273973, -997260.273973, -997260.273973, -997260.273973, -997260.273973, -997260.273973, -997260.273973, -997260.273973, -997260.273973, -997260.273973, -997260.273973, -997260.273973, -997260.273973, -997260.273973, -997260.273973, -997260.273973, -997260.273973, -997260.273973, -997260.273973, -997260.273973, -997260.273973, -997260.273973, -997260.273973, -997260.273973, -997260.273973, -997260.273973, -997260.273973, -997260.273973, -997260.273973, -997260.273973, -997260.273973, -997260.273973, -997260.273973, -997260.273973, -997260.273973, -997260.273973, -997260.273973, -997260.273973, -997260.273973, -997260.273973, -997260.273973, -997260.273973, -997260.273973, -997260.273973, -997260.273973, -997260.273973, -997260.273973, -997260.273973, -997260.273973, -997260.273973, -997260.273973, -997260.273973, -997260.273973, -997260.273973, -997260.273973, -997260.273973, -997260.273973, -997260.273973, -997260.273973, -997260.273973, -997260.273973, -997260.273973, -997260.273973, -997260.273973, -997260.273973, -997260.273973, -997260.273973
PayLastFixingPayoff_1F : 8856000000.000000, 8856000000.000000, 8856000000.000000, 8856000000.000000, 8856000000.000000, 8856000000.000000, 8856000000.000000, 8856000000.000000, 8856000000.000000, 8856000000.000000, 8856000000.000000, 8856000000.000000, 8856000000.000000, 8856000000.000000, 8856000000.000000, 8856000000.000000, 8856000000.000000, 8856000000.000000, 8856000000.000000, 8856000000.000000, 8856000000.000000, 8856000000.000000, 8856000000.000000, 8856000000.000000, 8856000000.000000, 8856000000.000000, 8856000000.000000, 8856000000.000000, 8856000000.000000, 8856000000.000000, 8856000000.000000, 8856000000.000000, 8856000000.000000, 8856000000.000000, 8856000000.000000, 8856000000.000000, 8856000000.000000, 8856000000.000000, 8856000000.000000, 8856000000.000000, 8856000000.000000, 8856000000.000000, 8856000000.000000, 8856000000.000000, 8856000000.000000, 8856000000.000000, 8856000000.000000, 8856000000.000000, 8856000000.000000, 8856000000.000000, 8856000000.000000, 8856000000.000000, 8856000000.000000, 8856000000.000000, 8856000000.000000, 8856000000.000000, 8856000000.000000, 8856000000.000000, 8856000000.000000, 8856000000.000000, 8856000000.000000, 8856000000.000000, 8856000000.000000, 8856000000.000000, 8856000000.000000, 8856000000.000000, 8856000000.000000, 8856000000.000000, 8856000000.000000, 8856000000.000000, 8856000000.000000, 8856000000.000000, 8856000000.000000, 8856000000.000000, 8856000000.000000, 8856000000.000000, 8856000000.000000, 8856000000.000000, 8856000000.000000, 8856000000.000000, 8856000000.000000, 8856000000.000000, 8856000000.000000, 8856000000.000000, 8856000000.000000, 8856000000.000000, 8856000000.000000, 8856000000.000000, 8856000000.000000, 8856000000.000000, 8856000000.000000, 8856000000.000000, 8856000000.000000, 8856000000.000000, 8856000000.000000, 8856000000.000000, 8856000000.000000, 8856000000.000000, 8856000000.000000, 8856000000.000000
PayLastFixingPayoff_1F : 1.221387
DF_in_FDMTimeGreed : 20291126.000000, 5.232877, 5.298630, 0.998117
RcvLastFixingPayoff_1F : -997260.273973, -997260.273973, -997260.273973, -997260.273973, -997260.273973, -997260.273973, -997260.273973, -997260.273973, -997260.273973, -997260.273973, -997260.273973, -997260.273973, -997260.273973, -997260.273973, -997260.273973, -997260.273973, -997260.273973, -997260.273973, -997260.273973, -997260.273973, -997260.273973, -997260.273973, -997260.273973, -997260.273973, -997260.273973, -997260.273973, -997260.273973, -997260.273973, -997260.273973, -997260.273973, -997260.273973, -997260.273973, -997260.273973, -997260.273973, -997260.273973, -997260.273973, -997260.273973, -997260.273973, -997260.273973, -997260.273973, -997260.273973, -997260.273973, -997260.273973, -997260.273973, -997260.273973, -997260.273973, -997260.273973, -997260.273973, -997260.273973, -997260.273973, -997260.273973, -997260.273973, -997260.273973, -997260.273973, -997260.273973, -997260.273973, -997260.273973, -997260.273973, -997260.273973, -997260.273973, -997260.273973, -997260.273973, -997260.273973, -997260.273973, -997260.273973, -997260.273973, -997260.273973, -997260.273973, -997260.273973, -997260.273973, -997260.273973, -997260.273973, -997260.273973, -997260.273973, -997260.273973, -997260.273973, -997260.273973, -997260.273973, -997260.273973, -997260.273973, -997260.273973, -997260.273973, -997260.273973, -997260.273973, -997260.273973, -997260.273973, -997260.273973, -997260.273973, -997260.273973, -997260.273973, -997260.273973, -997260.273973, -997260.273973, -997260.273973, -997260.273973, -997260.273973, -997260.273973, -997260.273973, -997260.273973, -997260.273973
PayLastFixingPayoff_1F : 8856000000.000000, 8856000000.000000, 8856000000.000000, 8856000000.000000, 8856000000.000000, 8856000000.000000, 8856000000.000000, 8856000000.000000, 8856000000.000000, 8856000000.000000, 8856000000.000000, 8856000000.000000, 8856000000.000000, 8856000000.000000, 8856000000.000000, 8856000000.000000, 8856000000.000000, 8856000000.000000, 8856000000.000000, 8856000000.000000, 8856000000.000000, 8856000000.000000, 8856000000.000000, 8856000000.000000, 8856000000.000000, 8856000000.000000, 8856000000.000000, 8856000000.000000, 8856000000.000000, 8856000000.000000, 8856000000.000000, 8856000000.000000, 8856000000.000000, 8856000000.000000, 8856000000.000000, 8856000000.000000, 8856000000.000000, 8856000000.000000, 8856000000.000000, 8856000000.000000, 8856000000.000000, 8856000000.000000, 8856000000.000000, 8856000000.000000, 8856000000.000000, 8856000000.000000, 8856000000.000000, 8856000000.000000, 8856000000.000000, 8856000000.000000, 8856000000.000000, 8856000000.000000, 8856000000.000000, 8856000000.000000, 8856000000.000000, 8856000000.000000, 8856000000.000000, 8856000000.000000, 8856000000.000000, 8856000000.000000, 8856000000.000000, 8856000000.000000, 8856000000.000000, 8856000000.000000, 8856000000.000000, 8856000000.000000, 8856000000.000000, 8856000000.000000, 8856000000.000000, 8856000000.000000, 8856000000.000000, 8856000000.000000, 8856000000.000000, 8856000000.000000, 8856000000.000000, 8856000000.000000, 8856000000.000000, 8856000000.000000, 8856000000.000000, 8856000000.000000, 8856000000.000000, 8856000000.000000, 8856000000.000000, 8856000000.000000, 8856000000.000000, 8856000000.000000, 8856000000.000000, 8856000000.000000, 8856000000.000000, 8856000000.000000, 8856000000.000000, 8856000000.000000, 8856000000.000000, 8856000000.000000, 8856000000.000000, 8856000000.000000, 8856000000.000000, 8856000000.000000, 8856000000.000000, 8856000000.000000
PayLastFixingPayoff_1F : 1.221387
DF_in_FDMTimeGreed : 20290920.000000, 5.049315, 5.232877, 0.994749
DF_in_FDMTimeGreed : 20290620.000000, 4.797260, 5.049315, 0.992815
DF_in_FDMTimeGreed : 20290320.000000, 4.545205, 4.797260, 0.992811
DF_in_FDMTimeGreed : 20281220.000000, 4.298630, 4.545205, 0.992958
RcvLastFixingPayoff_1F : -997260.273973, -997260.273973, -997260.273973, -997260.273973, -997260.273973, -997260.273973, -997260.273973, -997260.273973, -997260.273973, -997260.273973, -997260.273973, -997260.273973, -997260.273973, -997260.273973, -997260.273973, -997260.273973, -997260.273973, -997260.273973, -997260.273973, -997260.273973, -997260.273973, -997260.273973, -997260.273973, -997260.273973, -997260.273973, -997260.273973, -997260.273973, -997260.273973, -997260.273973, -997260.273973, -997260.273973, -997260.273973, -997260.273973, -997260.273973, -997260.273973, -997260.273973, -997260.273973, -997260.273973, -997260.273973, -997260.273973, -997260.273973, -997260.273973, -997260.273973, -997260.273973, -997260.273973, -997260.273973, -997260.273973, -997260.273973, -997260.273973, -997260.273973, -997260.273973, -997260.273973, -997260.273973, -997260.273973, -997260.273973, -997260.273973, -997260.273973, -997260.273973, -997260.273973, -997260.273973, -997260.273973, -997260.273973, -997260.273973, -997260.273973, -997260.273973, -997260.273973, -997260.273973, -997260.273973, -997260.273973, -997260.273973, -997260.273973, -997260.273973, -997260.273973, -997260.273973, -997260.273973, -997260.273973, -997260.273973, -997260.273973, -997260.273973, -997260.273973, -997260.273973, -997260.273973, -997260.273973, -997260.273973, -997260.273973, -997260.273973, -997260.273973, -997260.273973, -997260.273973, -997260.273973, -997260.273973, -997260.273973, -997260.273973, -997260.273973, -997260.273973, -997260.273973, -997260.273973, -997260.273973, -997260.273973, -997260.273973
PayLastFixingPayoff_1F : 7892000000.000000, 7892000000.000000, 7892000000.000000, 7892000000.000000, 7892000000.000000, 7892000000.000000, 7892000000.000000, 7892000000.000000, 7892000000.000000, 7892000000.000000, 7892000000.000000, 7892000000.000000, 7892000000.000000, 7892000000.000000, 7892000000.000000, 7892000000.000000, 7892000000.000000, 7892000000.000000, 7892000000.000000, 7892000000.000000, 7892000000.000000, 7892000000.000000, 7892000000.000000, 7892000000.000000, 7892000000.000000, 7892000000.000000, 7892000000.000000, 7892000000.000000, 7892000000.000000, 7892000000.000000, 7892000000.000000, 7892000000.000000, 7892000000.000000, 7892000000.000000, 7892000000.000000, 7892000000.000000, 7892000000.000000, 7892000000.000000, 7892000000.000000, 7892000000.000000, 7892000000.000000, 7892000000.000000, 7892000000.000000, 7892000000.000000, 7892000000.000000, 7892000000.000000, 7892000000.000000, 7892000000.000000, 7892000000.000000, 7892000000.000000, 7892000000.000000, 7892000000.000000, 7892000000.000000, 7892000000.000000, 7892000000.000000, 7892000000.000000, 7892000000.000000, 7892000000.000000, 7892000000.000000, 7892000000.000000, 7892000000.000000, 7892000000.000000, 7892000000.000000, 7892000000.000000, 7892000000.000000, 7892000000.000000, 7892000000.000000, 7892000000.000000, 7892000000.000000, 7892000000.000000, 7892000000.000000, 7892000000.000000, 7892000000.000000, 7892000000.000000, 7892000000.000000, 7892000000.000000, 7892000000.000000, 7892000000.000000, 7892000000.000000, 7892000000.000000, 7892000000.000000, 7892000000.000000, 7892000000.000000, 7892000000.000000, 7892000000.000000, 7892000000.000000, 7892000000.000000, 7892000000.000000, 7892000000.000000, 7892000000.000000, 7892000000.000000, 7892000000.000000, 7892000000.000000, 7892000000.000000, 7892000000.000000, 7892000000.000000, 7892000000.000000, 7892000000.000000, 7892000000.000000, 7892000000.000000
PayLastFixingPayoff_1F : 1.197203
DF_in_FDMTimeGreed : 20281124.000000, 4.227397, 4.298630, 0.997959
RcvLastFixingPayoff_1F : -997260.273973, -997260.273973, -997260.273973, -997260.273973, -997260.273973, -997260.273973, -997260.273973, -997260.273973, -997260.273973, -997260.273973, -997260.273973, -997260.273973, -997260.273973, -997260.273973, -997260.273973, -997260.273973, -997260.273973, -997260.273973, -997260.273973, -997260.273973, -997260.273973, -997260.273973, -997260.273973, -997260.273973, -997260.273973, -997260.273973, -997260.273973, -997260.273973, -997260.273973, -997260.273973, -997260.273973, -997260.273973, -997260.273973, -997260.273973, -997260.273973, -997260.273973, -997260.273973, -997260.273973, -997260.273973, -997260.273973, -997260.273973, -997260.273973, -997260.273973, -997260.273973, -997260.273973, -997260.273973, -997260.273973, -997260.273973, -997260.273973, -997260.273973, -997260.273973, -997260.273973, -997260.273973, -997260.273973, -997260.273973, -997260.273973, -997260.273973, -997260.273973, -997260.273973, -997260.273973, -997260.273973, -997260.273973, -997260.273973, -997260.273973, -997260.273973, -997260.273973, -997260.273973, -997260.273973, -997260.273973, -997260.273973, -997260.273973, -997260.273973, -997260.273973, -997260.273973, -997260.273973, -997260.273973, -997260.273973, -997260.273973, -997260.273973, -997260.273973, -997260.273973, -997260.273973, -997260.273973, -997260.273973, -997260.273973, -997260.273973, -997260.273973, -997260.273973, -997260.273973, -997260.273973, -997260.273973, -997260.273973, -997260.273973, -997260.273973, -997260.273973, -997260.273973, -997260.273973, -997260.273973, -997260.273973, -997260.273973
PayLastFixingPayoff_1F : 7892000000.000000, 7892000000.000000, 7892000000.000000, 7892000000.000000, 7892000000.000000, 7892000000.000000, 7892000000.000000, 7892000000.000000, 7892000000.000000, 7892000000.000000, 7892000000.000000, 7892000000.000000, 7892000000.000000, 7892000000.000000, 7892000000.000000, 7892000000.000000, 7892000000.000000, 7892000000.000000, 7892000000.000000, 7892000000.000000, 7892000000.000000, 7892000000.000000, 7892000000.000000, 7892000000.000000, 7892000000.000000, 7892000000.000000, 7892000000.000000, 7892000000.000000, 7892000000.000000, 7892000000.000000, 7892000000.000000, 7892000000.000000, 7892000000.000000, 7892000000.000000, 7892000000.000000, 7892000000.000000, 7892000000.000000, 7892000000.000000, 7892000000.000000, 7892000000.000000, 7892000000.000000, 7892000000.000000, 7892000000.000000, 7892000000.000000, 7892000000.000000, 7892000000.000000, 7892000000.000000, 7892000000.000000, 7892000000.000000, 7892000000.000000, 7892000000.000000, 7892000000.000000, 7892000000.000000, 7892000000.000000, 7892000000.000000, 7892000000.000000, 7892000000.000000, 7892000000.000000, 7892000000.000000, 7892000000.000000, 7892000000.000000, 7892000000.000000, 7892000000.000000, 7892000000.000000, 7892000000.000000, 7892000000.000000, 7892000000.000000, 7892000000.000000, 7892000000.000000, 7892000000.000000, 7892000000.000000, 7892000000.000000, 7892000000.000000, 7892000000.000000, 7892000000.000000, 7892000000.000000, 7892000000.000000, 7892000000.000000, 7892000000.000000, 7892000000.000000, 7892000000.000000, 7892000000.000000, 7892000000.000000, 7892000000.000000, 7892000000.000000, 7892000000.000000, 7892000000.000000, 7892000000.000000, 7892000000.000000, 7892000000.000000, 7892000000.000000, 7892000000.000000, 7892000000.000000, 7892000000.000000, 7892000000.000000, 7892000000.000000, 7892000000.000000, 7892000000.000000, 7892000000.000000, 7892000000.000000
PayLastFixingPayoff_1F : 1.197203
DF_in_FDMTimeGreed : 20280920.000000, 4.049315, 4.227397, 0.994902
DF_in_FDMTimeGreed : 20280620.000000, 3.797260, 4.049315, 0.992966
DF_in_FDMTimeGreed : 20280320.000000, 3.545205, 3.797260, 0.992969
DF_in_FDMTimeGreed : 20271220.000000, 3.295890, 3.545205, 0.993007
RcvLastFixingPayoff_1F : -997260.273973, -997260.273973, -997260.273973, -997260.273973, -997260.273973, -997260.273973, -997260.273973, -997260.273973, -997260.273973, -997260.273973, -997260.273973, -997260.273973, -997260.273973, -997260.273973, -997260.273973, -997260.273973, -997260.273973, -997260.273973, -997260.273973, -997260.273973, -997260.273973, -997260.273973, -997260.273973, -997260.273973, -997260.273973, -997260.273973, -997260.273973, -997260.273973, -997260.273973, -997260.273973, -997260.273973, -997260.273973, -997260.273973, -997260.273973, -997260.273973, -997260.273973, -997260.273973, -997260.273973, -997260.273973, -997260.273973, -997260.273973, -997260.273973, -997260.273973, -997260.273973, -997260.273973, -997260.273973, -997260.273973, -997260.273973, -997260.273973, -997260.273973, -997260.273973, -997260.273973, -997260.273973, -997260.273973, -997260.273973, -997260.273973, -997260.273973, -997260.273973, -997260.273973, -997260.273973, -997260.273973, -997260.273973, -997260.273973, -997260.273973, -997260.273973, -997260.273973, -997260.273973, -997260.273973, -997260.273973, -997260.273973, -997260.273973, -997260.273973, -997260.273973, -997260.273973, -997260.273973, -997260.273973, -997260.273973, -997260.273973, -997260.273973, -997260.273973, -997260.273973, -997260.273973, -997260.273973, -997260.273973, -997260.273973, -997260.273973, -997260.273973, -997260.273973, -997260.273973, -997260.273973, -997260.273973, -997260.273973, -997260.273973, -997260.273973, -997260.273973, -997260.273973, -997260.273973, -997260.273973, -997260.273973, -997260.273973
PayLastFixingPayoff_1F : 6939999999.999999, 6939999999.999999, 6939999999.999999, 6939999999.999999, 6939999999.999999, 6939999999.999999, 6939999999.999999, 6939999999.999999, 6939999999.999999, 6939999999.999999, 6939999999.999999, 6939999999.999999, 6939999999.999999, 6939999999.999999, 6939999999.999999, 6939999999.999999, 6939999999.999999, 6939999999.999999, 6939999999.999999, 6939999999.999999, 6939999999.999999, 6939999999.999999, 6939999999.999999, 6939999999.999999, 6939999999.999999, 6939999999.999999, 6939999999.999999, 6939999999.999999, 6939999999.999999, 6939999999.999999, 6939999999.999999, 6939999999.999999, 6939999999.999999, 6939999999.999999, 6939999999.999999, 6939999999.999999, 6939999999.999999, 6939999999.999999, 6939999999.999999, 6939999999.999999, 6939999999.999999, 6939999999.999999, 6939999999.999999, 6939999999.999999, 6939999999.999999, 6939999999.999999, 6939999999.999999, 6939999999.999999, 6939999999.999999, 6939999999.999999, 6939999999.999999, 6939999999.999999, 6939999999.999999, 6939999999.999999, 6939999999.999999, 6939999999.999999, 6939999999.999999, 6939999999.999999, 6939999999.999999, 6939999999.999999, 6939999999.999999, 6939999999.999999, 6939999999.999999, 6939999999.999999, 6939999999.999999, 6939999999.999999, 6939999999.999999, 6939999999.999999, 6939999999.999999, 6939999999.999999, 6939999999.999999, 6939999999.999999, 6939999999.999999, 6939999999.999999, 6939999999.999999, 6939999999.999999, 6939999999.999999, 6939999999.999999, 6939999999.999999, 6939999999.999999, 6939999999.999999, 6939999999.999999, 6939999999.999999, 6939999999.999999, 6939999999.999999, 6939999999.999999, 6939999999.999999, 6939999999.999999, 6939999999.999999, 6939999999.999999, 6939999999.999999, 6939999999.999999, 6939999999.999999, 6939999999.999999, 6939999999.999999, 6939999999.999999, 6939999999.999999, 6939999999.999999, 6939999999.999999, 6939999999.999999
PayLastFixingPayoff_1F : 1.173499
DF_in_FDMTimeGreed : 20271124.000000, 3.224658, 3.295890, 0.997990
RcvLastFixingPayoff_1F : -997260.273973, -997260.273973, -997260.273973, -997260.273973, -997260.273973, -997260.273973, -997260.273973, -997260.273973, -997260.273973, -997260.273973, -997260.273973, -997260.273973, -997260.273973, -997260.273973, -997260.273973, -997260.273973, -997260.273973, -997260.273973, -997260.273973, -997260.273973, -997260.273973, -997260.273973, -997260.273973, -997260.273973, -997260.273973, -997260.273973, -997260.273973, -997260.273973, -997260.273973, -997260.273973, -997260.273973, -997260.273973, -997260.273973, -997260.273973, -997260.273973, -997260.273973, -997260.273973, -997260.273973, -997260.273973, -997260.273973, -997260.273973, -997260.273973, -997260.273973, -997260.273973, -997260.273973, -997260.273973, -997260.273973, -997260.273973, -997260.273973, -997260.273973, -997260.273973, -997260.273973, -997260.273973, -997260.273973, -997260.273973, -997260.273973, -997260.273973, -997260.273973, -997260.273973, -997260.273973, -997260.273973, -997260.273973, -997260.273973, -997260.273973, -997260.273973, -997260.273973, -997260.273973, -997260.273973, -997260.273973, -997260.273973, -997260.273973, -997260.273973, -997260.273973, -997260.273973, -997260.273973, -997260.273973, -997260.273973, -997260.273973, -997260.273973, -997260.273973, -997260.273973, -997260.273973, -997260.273973, -997260.273973, -997260.273973, -997260.273973, -997260.273973, -997260.273973, -997260.273973, -997260.273973, -997260.273973, -997260.273973, -997260.273973, -997260.273973, -997260.273973, -997260.273973, -997260.273973, -997260.273973, -997260.273973, -997260.273973
PayLastFixingPayoff_1F : 6939999999.999999, 6939999999.999999, 6939999999.999999, 6939999999.999999, 6939999999.999999, 6939999999.999999, 6939999999.999999, 6939999999.999999, 6939999999.999999, 6939999999.999999, 6939999999.999999, 6939999999.999999, 6939999999.999999, 6939999999.999999, 6939999999.999999, 6939999999.999999, 6939999999.999999, 6939999999.999999, 6939999999.999999, 6939999999.999999, 6939999999.999999, 6939999999.999999, 6939999999.999999, 6939999999.999999, 6939999999.999999, 6939999999.999999, 6939999999.999999, 6939999999.999999, 6939999999.999999, 6939999999.999999, 6939999999.999999, 6939999999.999999, 6939999999.999999, 6939999999.999999, 6939999999.999999, 6939999999.999999, 6939999999.999999, 6939999999.999999, 6939999999.999999, 6939999999.999999, 6939999999.999999, 6939999999.999999, 6939999999.999999, 6939999999.999999, 6939999999.999999, 6939999999.999999, 6939999999.999999, 6939999999.999999, 6939999999.999999, 6939999999.999999, 6939999999.999999, 6939999999.999999, 6939999999.999999, 6939999999.999999, 6939999999.999999, 6939999999.999999, 6939999999.999999, 6939999999.999999, 6939999999.999999, 6939999999.999999, 6939999999.999999, 6939999999.999999, 6939999999.999999, 6939999999.999999, 6939999999.999999, 6939999999.999999, 6939999999.999999, 6939999999.999999, 6939999999.999999, 6939999999.999999, 6939999999.999999, 6939999999.999999, 6939999999.999999, 6939999999.999999, 6939999999.999999, 6939999999.999999, 6939999999.999999, 6939999999.999999, 6939999999.999999, 6939999999.999999, 6939999999.999999, 6939999999.999999, 6939999999.999999, 6939999999.999999, 6939999999.999999, 6939999999.999999, 6939999999.999999, 6939999999.999999, 6939999999.999999, 6939999999.999999, 6939999999.999999, 6939999999.999999, 6939999999.999999, 6939999999.999999, 6939999999.999999, 6939999999.999999, 6939999999.999999, 6939999999.999999, 6939999999.999999, 6939999999.999999
PayLastFixingPayoff_1F : 1.173499
DF_in_FDMTimeGreed : 20270920.000000, 3.046575, 3.224658, 0.994970
DF_in_FDMTimeGreed : 20270621.000000, 2.797260, 3.046575, 0.993182
DF_in_FDMTimeGreed : 20270322.000000, 2.547945, 2.797260, 0.993142
DF_in_FDMTimeGreed : 20261221.000000, 2.298630, 2.547945, 0.993052
RcvLastFixingPayoff_1F : -997260.273973, -997260.273973, -997260.273973, -997260.273973, -997260.273973, -997260.273973, -997260.273973, -997260.273973, -997260.273973, -997260.273973, -997260.273973, -997260.273973, -997260.273973, -997260.273973, -997260.273973, -997260.273973, -997260.273973, -997260.273973, -997260.273973, -997260.273973, -997260.273973, -997260.273973, -997260.273973, -997260.273973, -997260.273973, -997260.273973, -997260.273973, -997260.273973, -997260.273973, -997260.273973, -997260.273973, -997260.273973, -997260.273973, -997260.273973, -997260.273973, -997260.273973, -997260.273973, -997260.273973, -997260.273973, -997260.273973, -997260.273973, -997260.273973, -997260.273973, -997260.273973, -997260.273973, -997260.273973, -997260.273973, -997260.273973, -997260.273973, -997260.273973, -997260.273973, -997260.273973, -997260.273973, -997260.273973, -997260.273973, -997260.273973, -997260.273973, -997260.273973, -997260.273973, -997260.273973, -997260.273973, -997260.273973, -997260.273973, -997260.273973, -997260.273973, -997260.273973, -997260.273973, -997260.273973, -997260.273973, -997260.273973, -997260.273973, -997260.273973, -997260.273973, -997260.273973, -997260.273973, -997260.273973, -997260.273973, -997260.273973, -997260.273973, -997260.273973, -997260.273973, -997260.273973, -997260.273973, -997260.273973, -997260.273973, -997260.273973, -997260.273973, -997260.273973, -997260.273973, -997260.273973, -997260.273973, -997260.273973, -997260.273973, -997260.273973, -997260.273973, -997260.273973, -997260.273973, -997260.273973, -997260.273973, -997260.273973
PayLastFixingPayoff_1F : 6012000000.000000, 6012000000.000000, 6012000000.000000, 6012000000.000000, 6012000000.000000, 6012000000.000000, 6012000000.000000, 6012000000.000000, 6012000000.000000, 6012000000.000000, 6012000000.000000, 6012000000.000000, 6012000000.000000, 6012000000.000000, 6012000000.000000, 6012000000.000000, 6012000000.000000, 6012000000.000000, 6012000000.000000, 6012000000.000000, 6012000000.000000, 6012000000.000000, 6012000000.000000, 6012000000.000000, 6012000000.000000, 6012000000.000000, 6012000000.000000, 6012000000.000000, 6012000000.000000, 6012000000.000000, 6012000000.000000, 6012000000.000000, 6012000000.000000, 6012000000.000000, 6012000000.000000, 6012000000.000000, 6012000000.000000, 6012000000.000000, 6012000000.000000, 6012000000.000000, 6012000000.000000, 6012000000.000000, 6012000000.000000, 6012000000.000000, 6012000000.000000, 6012000000.000000, 6012000000.000000, 6012000000.000000, 6012000000.000000, 6012000000.000000, 6012000000.000000, 6012000000.000000, 6012000000.000000, 6012000000.000000, 6012000000.000000, 6012000000.000000, 6012000000.000000, 6012000000.000000, 6012000000.000000, 6012000000.000000, 6012000000.000000, 6012000000.000000, 6012000000.000000, 6012000000.000000, 6012000000.000000, 6012000000.000000, 6012000000.000000, 6012000000.000000, 6012000000.000000, 6012000000.000000, 6012000000.000000, 6012000000.000000, 6012000000.000000, 6012000000.000000, 6012000000.000000, 6012000000.000000, 6012000000.000000, 6012000000.000000, 6012000000.000000, 6012000000.000000, 6012000000.000000, 6012000000.000000, 6012000000.000000, 6012000000.000000, 6012000000.000000, 6012000000.000000, 6012000000.000000, 6012000000.000000, 6012000000.000000, 6012000000.000000, 6012000000.000000, 6012000000.000000, 6012000000.000000, 6012000000.000000, 6012000000.000000, 6012000000.000000, 6012000000.000000, 6012000000.000000, 6012000000.000000, 6012000000.000000
PayLastFixingPayoff_1F : 1.150263
DF_in_FDMTimeGreed : 20261125.000000, 2.227397, 2.298630, 0.997993
RcvLastFixingPayoff_1F : -997260.273973, -997260.273973, -997260.273973, -997260.273973, -997260.273973, -997260.273973, -997260.273973, -997260.273973, -997260.273973, -997260.273973, -997260.273973, -997260.273973, -997260.273973, -997260.273973, -997260.273973, -997260.273973, -997260.273973, -997260.273973, -997260.273973, -997260.273973, -997260.273973, -997260.273973, -997260.273973, -997260.273973, -997260.273973, -997260.273973, -997260.273973, -997260.273973, -997260.273973, -997260.273973, -997260.273973, -997260.273973, -997260.273973, -997260.273973, -997260.273973, -997260.273973, -997260.273973, -997260.273973, -997260.273973, -997260.273973, -997260.273973, -997260.273973, -997260.273973, -997260.273973, -997260.273973, -997260.273973, -997260.273973, -997260.273973, -997260.273973, -997260.273973, -997260.273973, -997260.273973, -997260.273973, -997260.273973, -997260.273973, -997260.273973, -997260.273973, -997260.273973, -997260.273973, -997260.273973, -997260.273973, -997260.273973, -997260.273973, -997260.273973, -997260.273973, -997260.273973, -997260.273973, -997260.273973, -997260.273973, -997260.273973, -997260.273973, -997260.273973, -997260.273973, -997260.273973, -997260.273973, -997260.273973, -997260.273973, -997260.273973, -997260.273973, -997260.273973, -997260.273973, -997260.273973, -997260.273973, -997260.273973, -997260.273973, -997260.273973, -997260.273973, -997260.273973, -997260.273973, -997260.273973, -997260.273973, -997260.273973, -997260.273973, -997260.273973, -997260.273973, -997260.273973, -997260.273973, -997260.273973, -997260.273973, -997260.273973
PayLastFixingPayoff_1F : 6012000000.000000, 6012000000.000000, 6012000000.000000, 6012000000.000000, 6012000000.000000, 6012000000.000000, 6012000000.000000, 6012000000.000000, 6012000000.000000, 6012000000.000000, 6012000000.000000, 6012000000.000000, 6012000000.000000, 6012000000.000000, 6012000000.000000, 6012000000.000000, 6012000000.000000, 6012000000.000000, 6012000000.000000, 6012000000.000000, 6012000000.000000, 6012000000.000000, 6012000000.000000, 6012000000.000000, 6012000000.000000, 6012000000.000000, 6012000000.000000, 6012000000.000000, 6012000000.000000, 6012000000.000000, 6012000000.000000, 6012000000.000000, 6012000000.000000, 6012000000.000000, 6012000000.000000, 6012000000.000000, 6012000000.000000, 6012000000.000000, 6012000000.000000, 6012000000.000000, 6012000000.000000, 6012000000.000000, 6012000000.000000, 6012000000.000000, 6012000000.000000, 6012000000.000000, 6012000000.000000, 6012000000.000000, 6012000000.000000, 6012000000.000000, 6012000000.000000, 6012000000.000000, 6012000000.000000, 6012000000.000000, 6012000000.000000, 6012000000.000000, 6012000000.000000, 6012000000.000000, 6012000000.000000, 6012000000.000000, 6012000000.000000, 6012000000.000000, 6012000000.000000, 6012000000.000000, 6012000000.000000, 6012000000.000000, 6012000000.000000, 6012000000.000000, 6012000000.000000, 6012000000.000000, 6012000000.000000, 6012000000.000000, 6012000000.000000, 6012000000.000000, 6012000000.000000, 6012000000.000000, 6012000000.000000, 6012000000.000000, 6012000000.000000, 6012000000.000000, 6012000000.000000, 6012000000.000000, 6012000000.000000, 6012000000.000000, 6012000000.000000, 6012000000.000000, 6012000000.000000, 6012000000.000000, 6012000000.000000, 6012000000.000000, 6012000000.000000, 6012000000.000000, 6012000000.000000, 6012000000.000000, 6012000000.000000, 6012000000.000000, 6012000000.000000, 6012000000.000000, 6012000000.000000, 6012000000.000000
PayLastFixingPayoff_1F : 1.150263
DF_in_FDMTimeGreed : 20260921.000000, 2.049315, 2.227397, 0.994959
DF_in_FDMTimeGreed : 20260622.000000, 1.800000, 2.049315, 0.993134
DF_in_FDMTimeGreed : 20260320.000000, 1.542466, 1.800000, 0.992792
DF_in_FDMTimeGreed : 20251222.000000, 1.301370, 1.542466, 0.993302
RcvLastFixingPayoff_1F : -997260.273973, -997260.273973, -997260.273973, -997260.273973, -997260.273973, -997260.273973, -997260.273973, -997260.273973, -997260.273973, -997260.273973, -997260.273973, -997260.273973, -997260.273973, -997260.273973, -997260.273973, -997260.273973, -997260.273973, -997260.273973, -997260.273973, -997260.273973, -997260.273973, -997260.273973, -997260.273973, -997260.273973, -997260.273973, -997260.273973, -997260.273973, -997260.273973, -997260.273973, -997260.273973, -997260.273973, -997260.273973, -997260.273973, -997260.273973, -997260.273973, -997260.273973, -997260.273973, -997260.273973, -997260.273973, -997260.273973, -997260.273973, -997260.273973, -997260.273973, -997260.273973, -997260.273973, -997260.273973, -997260.273973, -997260.273973, -997260.273973, -997260.273973, -997260.273973, -997260.273973, -997260.273973, -997260.273973, -997260.273973, -997260.273973, -997260.273973, -997260.273973, -997260.273973, -997260.273973, -997260.273973, -997260.273973, -997260.273973, -997260.273973, -997260.273973, -997260.273973, -997260.273973, -997260.273973, -997260.273973, -997260.273973, -997260.273973, -997260.273973, -997260.273973, -997260.273973, -997260.273973, -997260.273973, -997260.273973, -997260.273973, -997260.273973, -997260.273973, -997260.273973, -997260.273973, -997260.273973, -997260.273973, -997260.273973, -997260.273973, -997260.273973, -997260.273973, -997260.273973, -997260.273973, -997260.273973, -997260.273973, -997260.273973, -997260.273973, -997260.273973, -997260.273973, -997260.273973, -997260.273973, -997260.273973, -997260.273973
PayLastFixingPayoff_1F : 5100000000.000000, 5100000000.000000, 5100000000.000000, 5100000000.000000, 5100000000.000000, 5100000000.000000, 5100000000.000000, 5100000000.000000, 5100000000.000000, 5100000000.000000, 5100000000.000000, 5100000000.000000, 5100000000.000000, 5100000000.000000, 5100000000.000000, 5100000000.000000, 5100000000.000000, 5100000000.000000, 5100000000.000000, 5100000000.000000, 5100000000.000000, 5100000000.000000, 5100000000.000000, 5100000000.000000, 5100000000.000000, 5100000000.000000, 5100000000.000000, 5100000000.000000, 5100000000.000000, 5100000000.000000, 5100000000.000000, 5100000000.000000, 5100000000.000000, 5100000000.000000, 5100000000.000000, 5100000000.000000, 5100000000.000000, 5100000000.000000, 5100000000.000000, 5100000000.000000, 5100000000.000000, 5100000000.000000, 5100000000.000000, 5100000000.000000, 5100000000.000000, 5100000000.000000, 5100000000.000000, 5100000000.000000, 5100000000.000000, 5100000000.000000, 5100000000.000000, 5100000000.000000, 5100000000.000000, 5100000000.000000, 5100000000.000000, 5100000000.000000, 5100000000.000000, 5100000000.000000, 5100000000.000000, 5100000000.000000, 5100000000.000000, 5100000000.000000, 5100000000.000000, 5100000000.000000, 5100000000.000000, 5100000000.000000, 5100000000.000000, 5100000000.000000, 5100000000.000000, 5100000000.000000, 5100000000.000000, 5100000000.000000, 5100000000.000000, 5100000000.000000, 5100000000.000000, 5100000000.000000, 5100000000.000000, 5100000000.000000, 5100000000.000000, 5100000000.000000, 5100000000.000000, 5100000000.000000, 5100000000.000000, 5100000000.000000, 5100000000.000000, 5100000000.000000, 5100000000.000000, 5100000000.000000, 5100000000.000000, 5100000000.000000, 5100000000.000000, 5100000000.000000, 5100000000.000000, 5100000000.000000, 5100000000.000000, 5100000000.000000, 5100000000.000000, 5100000000.000000, 5100000000.000000, 5100000000.000000
PayLastFixingPayoff_1F : 1.127488
DF_in_FDMTimeGreed : 20251126.000000, 1.230137, 1.301370, 0.997982
RcvLastFixingPayoff_1F : -997260.273973, -997260.273973, -997260.273973, -997260.273973, -997260.273973, -997260.273973, -997260.273973, -997260.273973, -997260.273973, -997260.273973, -997260.273973, -997260.273973, -997260.273973, -997260.273973, -997260.273973, -997260.273973, -997260.273973, -997260.273973, -997260.273973, -997260.273973, -997260.273973, -997260.273973, -997260.273973, -997260.273973, -997260.273973, -997260.273973, -997260.273973, -997260.273973, -997260.273973, -997260.273973, -997260.273973, -997260.273973, -997260.273973, -997260.273973, -997260.273973, -997260.273973, -997260.273973, -997260.273973, -997260.273973, -997260.273973, -997260.273973, -997260.273973, -997260.273973, -997260.273973, -997260.273973, -997260.273973, -997260.273973, -997260.273973, -997260.273973, -997260.273973, -997260.273973, -997260.273973, -997260.273973, -997260.273973, -997260.273973, -997260.273973, -997260.273973, -997260.273973, -997260.273973, -997260.273973, -997260.273973, -997260.273973, -997260.273973, -997260.273973, -997260.273973, -997260.273973, -997260.273973, -997260.273973, -997260.273973, -997260.273973, -997260.273973, -997260.273973, -997260.273973, -997260.273973, -997260.273973, -997260.273973, -997260.273973, -997260.273973, -997260.273973, -997260.273973, -997260.273973, -997260.273973, -997260.273973, -997260.273973, -997260.273973, -997260.273973, -997260.273973, -997260.273973, -997260.273973, -997260.273973, -997260.273973, -997260.273973, -997260.273973, -997260.273973, -997260.273973, -997260.273973, -997260.273973, -997260.273973, -997260.273973, -997260.273973
PayLastFixingPayoff_1F : 5100000000.000000, 5100000000.000000, 5100000000.000000, 5100000000.000000, 5100000000.000000, 5100000000.000000, 5100000000.000000, 5100000000.000000, 5100000000.000000, 5100000000.000000, 5100000000.000000, 5100000000.000000, 5100000000.000000, 5100000000.000000, 5100000000.000000, 5100000000.000000, 5100000000.000000, 5100000000.000000, 5100000000.000000, 5100000000.000000, 5100000000.000000, 5100000000.000000, 5100000000.000000, 5100000000.000000, 5100000000.000000, 5100000000.000000, 5100000000.000000, 5100000000.000000, 5100000000.000000, 5100000000.000000, 5100000000.000000, 5100000000.000000, 5100000000.000000, 5100000000.000000, 5100000000.000000, 5100000000.000000, 5100000000.000000, 5100000000.000000, 5100000000.000000, 5100000000.000000, 5100000000.000000, 5100000000.000000, 5100000000.000000, 5100000000.000000, 5100000000.000000, 5100000000.000000, 5100000000.000000, 5100000000.000000, 5100000000.000000, 5100000000.000000, 5100000000.000000, 5100000000.000000, 5100000000.000000, 5100000000.000000, 5100000000.000000, 5100000000.000000, 5100000000.000000, 5100000000.000000, 5100000000.000000, 5100000000.000000, 5100000000.000000, 5100000000.000000, 5100000000.000000, 5100000000.000000, 5100000000.000000, 5100000000.000000, 5100000000.000000, 5100000000.000000, 5100000000.000000, 5100000000.000000, 5100000000.000000, 5100000000.000000, 5100000000.000000, 5100000000.000000, 5100000000.000000, 5100000000.000000, 5100000000.000000, 5100000000.000000, 5100000000.000000, 5100000000.000000, 5100000000.000000, 5100000000.000000, 5100000000.000000, 5100000000.000000, 5100000000.000000, 5100000000.000000, 5100000000.000000, 5100000000.000000, 5100000000.000000, 5100000000.000000, 5100000000.000000, 5100000000.000000, 5100000000.000000, 5100000000.000000, 5100000000.000000, 5100000000.000000, 5100000000.000000, 5100000000.000000, 5100000000.000000, 5100000000.000000
PayLastFixingPayoff_1F : 1.127488
DF_in_FDMTimeGreed : 20250922.000000, 1.052055, 1.230137, 0.994860
DF_in_FDMTimeGreed : 20250620.000000, 0.794521, 1.052055, 0.992603
DF_in_FDMTimeGreed : 20250320.000000, 0.542466, 0.794521, 0.992328
DF_in_FDMTimeGreed : 20241220.000000, 0.295890, 0.542466, 0.991996
RcvLastFixingPayoff_1F : -997260.273973, -997260.273973, -997260.273973, -997260.273973, -997260.273973, -997260.273973, -997260.273973, -997260.273973, -997260.273973, -997260.273973, -997260.273973, -997260.273973, -997260.273973, -997260.273973, -997260.273973, -997260.273973, -997260.273973, -997260.273973, -997260.273973, -997260.273973, -997260.273973, -997260.273973, -997260.273973, -997260.273973, -997260.273973, -997260.273973, -997260.273973, -997260.273973, -997260.273973, -997260.273973, -997260.273973, -997260.273973, -997260.273973, -997260.273973, -997260.273973, -997260.273973, -997260.273973, -997260.273973, -997260.273973, -997260.273973, -997260.273973, -997260.273973, -997260.273973, -997260.273973, -997260.273973, -997260.273973, -997260.273973, -997260.273973, -997260.273973, -997260.273973, -997260.273973, -997260.273973, -997260.273973, -997260.273973, -997260.273973, -997260.273973, -997260.273973, -997260.273973, -997260.273973, -997260.273973, -997260.273973, -997260.273973, -997260.273973, -997260.273973, -997260.273973, -997260.273973, -997260.273973, -997260.273973, -997260.273973, -997260.273973, -997260.273973, -997260.273973, -997260.273973, -997260.273973, -997260.273973, -997260.273973, -997260.273973, -997260.273973, -997260.273973, -997260.273973, -997260.273973, -997260.273973, -997260.273973, -997260.273973, -997260.273973, -997260.273973, -997260.273973, -997260.273973, -997260.273973, -997260.273973, -997260.273973, -997260.273973, -997260.273973, -997260.273973, -997260.273973, -997260.273973, -997260.273973, -997260.273973, -997260.273973, -997260.273973
PayLastFixingPayoff_1F : 4208000000.000000, 4208000000.000000, 4208000000.000000, 4208000000.000000, 4208000000.000000, 4208000000.000000, 4208000000.000000, 4208000000.000000, 4208000000.000000, 4208000000.000000, 4208000000.000000, 4208000000.000000, 4208000000.000000, 4208000000.000000, 4208000000.000000, 4208000000.000000, 4208000000.000000, 4208000000.000000, 4208000000.000000, 4208000000.000000, 4208000000.000000, 4208000000.000000, 4208000000.000000, 4208000000.000000, 4208000000.000000, 4208000000.000000, 4208000000.000000, 4208000000.000000, 4208000000.000000, 4208000000.000000, 4208000000.000000, 4208000000.000000, 4208000000.000000, 4208000000.000000, 4208000000.000000, 4208000000.000000, 4208000000.000000, 4208000000.000000, 4208000000.000000, 4208000000.000000, 4208000000.000000, 4208000000.000000, 4208000000.000000, 4208000000.000000, 4208000000.000000, 4208000000.000000, 4208000000.000000, 4208000000.000000, 4208000000.000000, 4208000000.000000, 4208000000.000000, 4208000000.000000, 4208000000.000000, 4208000000.000000, 4208000000.000000, 4208000000.000000, 4208000000.000000, 4208000000.000000, 4208000000.000000, 4208000000.000000, 4208000000.000000, 4208000000.000000, 4208000000.000000, 4208000000.000000, 4208000000.000000, 4208000000.000000, 4208000000.000000, 4208000000.000000, 4208000000.000000, 4208000000.000000, 4208000000.000000, 4208000000.000000, 4208000000.000000, 4208000000.000000, 4208000000.000000, 4208000000.000000, 4208000000.000000, 4208000000.000000, 4208000000.000000, 4208000000.000000, 4208000000.000000, 4208000000.000000, 4208000000.000000, 4208000000.000000, 4208000000.000000, 4208000000.000000, 4208000000.000000, 4208000000.000000, 4208000000.000000, 4208000000.000000, 4208000000.000000, 4208000000.000000, 4208000000.000000, 4208000000.000000, 4208000000.000000, 4208000000.000000, 4208000000.000000, 4208000000.000000, 4208000000.000000, 4208000000.000000
PayLastFixingPayoff_1F : 1.105164
DF_in_FDMTimeGreed : 20241126.000000, 0.230137, 0.295890, 0.997759
RcvLastFixingPayoff_1F : -997260.273973, -997260.273973, -997260.273973, -997260.273973, -997260.273973, -997260.273973, -997260.273973, -997260.273973, -997260.273973, -997260.273973, -997260.273973, -997260.273973, -997260.273973, -997260.273973, -997260.273973, -997260.273973, -997260.273973, -997260.273973, -997260.273973, -997260.273973, -997260.273973, -997260.273973, -997260.273973, -997260.273973, -997260.273973, -997260.273973, -997260.273973, -997260.273973, -997260.273973, -997260.273973, -997260.273973, -997260.273973, -997260.273973, -997260.273973, -997260.273973, -997260.273973, -997260.273973, -997260.273973, -997260.273973, -997260.273973, -997260.273973, -997260.273973, -997260.273973, -997260.273973, -997260.273973, -997260.273973, -997260.273973, -997260.273973, -997260.273973, -997260.273973, -997260.273973, -997260.273973, -997260.273973, -997260.273973, -997260.273973, -997260.273973, -997260.273973, -997260.273973, -997260.273973, -997260.273973, -997260.273973, -997260.273973, -997260.273973, -997260.273973, -997260.273973, -997260.273973, -997260.273973, -997260.273973, -997260.273973, -997260.273973, -997260.273973, -997260.273973, -997260.273973, -997260.273973, -997260.273973, -997260.273973, -997260.273973, -997260.273973, -997260.273973, -997260.273973, -997260.273973, -997260.273973, -997260.273973, -997260.273973, -997260.273973, -997260.273973, -997260.273973, -997260.273973, -997260.273973, -997260.273973, -997260.273973, -997260.273973, -997260.273973, -997260.273973, -997260.273973, -997260.273973, -997260.273973, -997260.273973, -997260.273973, -997260.273973
PayLastFixingPayoff_1F : 4208000000.000000, 4208000000.000000, 4208000000.000000, 4208000000.000000, 4208000000.000000, 4208000000.000000, 4208000000.000000, 4208000000.000000, 4208000000.000000, 4208000000.000000, 4208000000.000000, 4208000000.000000, 4208000000.000000, 4208000000.000000, 4208000000.000000, 4208000000.000000, 4208000000.000000, 4208000000.000000, 4208000000.000000, 4208000000.000000, 4208000000.000000, 4208000000.000000, 4208000000.000000, 4208000000.000000, 4208000000.000000, 4208000000.000000, 4208000000.000000, 4208000000.000000, 4208000000.000000, 4208000000.000000, 4208000000.000000, 4208000000.000000, 4208000000.000000, 4208000000.000000, 4208000000.000000, 4208000000.000000, 4208000000.000000, 4208000000.000000, 4208000000.000000, 4208000000.000000, 4208000000.000000, 4208000000.000000, 4208000000.000000, 4208000000.000000, 4208000000.000000, 4208000000.000000, 4208000000.000000, 4208000000.000000, 4208000000.000000, 4208000000.000000, 4208000000.000000, 4208000000.000000, 4208000000.000000, 4208000000.000000, 4208000000.000000, 4208000000.000000, 4208000000.000000, 4208000000.000000, 4208000000.000000, 4208000000.000000, 4208000000.000000, 4208000000.000000, 4208000000.000000, 4208000000.000000, 4208000000.000000, 4208000000.000000, 4208000000.000000, 4208000000.000000, 4208000000.000000, 4208000000.000000, 4208000000.000000, 4208000000.000000, 4208000000.000000, 4208000000.000000, 4208000000.000000, 4208000000.000000, 4208000000.000000, 4208000000.000000, 4208000000.000000, 4208000000.000000, 4208000000.000000, 4208000000.000000, 4208000000.000000, 4208000000.000000, 4208000000.000000, 4208000000.000000, 4208000000.000000, 4208000000.000000, 4208000000.000000, 4208000000.000000, 4208000000.000000, 4208000000.000000, 4208000000.000000, 4208000000.000000, 4208000000.000000, 4208000000.000000, 4208000000.000000, 4208000000.000000, 4208000000.000000, 4208000000.000000
PayLastFixingPayoff_1F : 1.105164
DF_in_FDMTimeGreed : 20240920.000000, 0.046575, 0.230137, 0.993607
DF_in_FDMTimeGreed : 20240903.000000, 0.000000, 0.046575, 0.998369
