PriceDate : 20240903
EffectiveDate : 20191220
Maturity : 20341220
NAFlag : 0
NA : 40000000000.000000
NAdditionalHolidays : 1, 1
AdditionalHolidays : 20240101, 20241225
NationFlag : 0, 0
NumCpnAnn : 4, 0
MaxLossRetRcvPay : 0.000000, 1.000000, 1.000000, 1.000000
MultipleRatefixPayoffRcvPay : 1.000000, 1.000000, 0.000000, 0.000000
DayCountRcvPay : 0, 3
PowerSpreadFlagRcvPay : 0, 0
RangeMaxMinRcvPay : 1.000000, -1.000000, 0.800000, -0.800000
InfoRefRateRcvPay : 4.000000, 0.250000, 10.000000, 5.000000, 4.000000, 10.000000, 10.000000, 5.000000
RcvLegFixedRate : -0.000100
RcvLegRangeCoupon : 0.000000
RcvLegStructuredFlag : 1
PayLegFixedRate : 0.020200
PayLegRangeCoupon : 0.000000
PayLegStructuredFlag : 0
Phase2UseFlag : 0
Phase2Date : 20250727
Phase2RcvLegFixedRate : -0.000100
Phase2RcvLegRangeCoupon : 0.000000
Phase2RcvLegStructuredFlag : 1
Phase2PayLegFixedRate : 0.020200
Phase2PayLegRangeCoupon : 0.000000
Phase2PayLegStructuredFlag : 0
NumCpnAnnPhase2RcvPay : 4, 0
NOption : 13
OptionDate : 20211124, 20221124, 20231124, 20241126, 20251126, 20261125, 20271124, 20281124, 20291126, 20301126, 20311126, 20321124, 20331124
OptionDate : 20211220, 20221220, 20231220, 20241220, 20251222, 20261221, 20271220, 20281220, 20291220, 20301220, 20311222, 20321220, 20331220
OptionType : 0
NRcvRateHistory : 4
RcvRateHistoryDate : 20240101, 20220727, 20220911, 20240620
RcvRateHistoryDate : 0.037000, 0.037000, 0.037000, 0.036000
NPayRateHistory : 4
PayRateHistoryDate : 20240101, 20220727, 20220911, 20240620
PayRateHistoryDate : 0.035000, 0.030000, 0.030000, 0.036000
NZeroRate : 21
ZeroTerm : 0.002740, 0.005479, 0.252055, 0.498630, 0.750685, 1.002740, 1.498630, 2.002740, 3.008219, 4.005479, 5.005479, 6.005479, 7.005479, 8.013699, 9.010959, 10.008219, 12.010959, 15.013699, 20.019178, 25.024658, 30.021918
ZeroRate : 0.035068, 0.035068, 0.034949, 0.033959, 0.032936, 0.031911, 0.030758, 0.030029, 0.029299, 0.028999, 0.028929, 0.028882, 0.028969, 0.029082, 0.029111, 0.029254, 0.029455, 0.029357, 0.028538, 0.027635, 0.025067
NZeroDiscRate : 21
ZeroDiscTerm : 0.002740, 0.005479, 0.252055, 0.498630, 0.750685, 1.002740, 1.498630, 2.002740, 3.008219, 4.005479, 5.005479, 6.005479, 7.005479, 8.013699, 9.010959, 10.008219, 12.010959, 15.013699, 20.019178, 25.024658, 30.021918
ZeroDiscRate : 0.035068, 0.035068, 0.034949, 0.033959, 0.032936, 0.031911, 0.030758, 0.030029, 0.029299, 0.028999, 0.028929, 0.028882, 0.028969, 0.029082, 0.029111, 0.029254, 0.029455, 0.029357, 0.028538, 0.027635, 0.025067
HW2FFlag : 0
NHWVol : 12
HWVolTerm : 0.002740, 0.084932, 0.250000, 0.500000, 1.000000, 2.000000, 3.000000, 4.010000, 5.000000, 7.000000, 9.230000, 39.230000
HWVol : 0.007182, 0.007182, 0.006668, 0.006625, 0.006302, 0.005670, 0.005591, 0.004940, 0.005055, 0.005168, 0.005051, 0.005051, 0.000000, 0.000000, 0.000000, 0.000000, 0.000000, 0.000000, 0.000000, 0.000000, 0.000000, 0.000000, 0.000000, 0.000000
kappa : 0.007050, 0.011919
FactorCorrelation : -0.877126
InterestRateRoundingRcvPay : 0, 4
DF_in_FDMTimeGreed : 20341220.000000, 10.301370, 10.301370, 1.000000
DF_in_FDMTimeGreed : 20340920.000000, 10.052055, 10.301370, 0.992476
DF_in_FDMTimeGreed : 20340620.000000, 9.800000, 10.052055, 0.992319
DF_in_FDMTimeGreed : 20340320.000000, 9.547945, 9.800000, 0.992318
DF_in_FDMTimeGreed : 20331220.000000, 9.301370, 9.547945, 0.992502
RcvLastFixingPayoff_1F : -0.000000, -0.000000, -0.000000, -0.000000, -0.000000, -0.000000, -0.000000, -0.000000, -0.000000, -0.000000, -0.000000, -0.000000, -0.000000, -0.000000, 3760669.893320, 53616854.778760, 103535173.252819, 153515702.749846, 203558520.800750, 253663705.033021, 303831333.170925, 354061483.035566, 404354232.545051, 454709659.714590, 505127842.656607, 555608859.580898, 606152788.794704, 656759708.702870, 707429697.807946, 758162834.710330, 808959198.108363, 859818866.798471, 910741919.675271, 961728435.731723, 1012778494.059210, 1063892173.847691, 1115069554.385823, 1166310715.061071, 1217615735.359838, 1268984694.867586, 1320417673.268966, 1371914750.347926, 1423476005.987859, 1475101520.171702, 1526791372.982075, 1578545644.601409, 1630364415.312039, 1682247765.496394, 1734195775.637033, 1786208526.316851, 1838286098.219157, 1890428572.127805, 1942636028.927346, 1994908549.603118, 2047246215.241389, 2099649107.029488, 2152117306.255920, 2204650894.310492, 2257249952.684453, 2309914562.970610, 2362644806.863444, 2415440766.159265, 2468302522.756307, 2521230158.654873, 2574223755.957475, 2627283396.868918, 2680409163.696486, 2733601138.850012, 2786859404.842054, 2840184044.287995, 2893575139.906157, 2947032774.517993, 3000557031.048130, 3054147992.524568, 3107805742.078767, 3161530362.945801, 3215321938.464466, 3269180552.077421, 3323106287.331329, 3377099227.876960, 3431159457.469327, 3485287059.967852, 3539482119.336430, 3593744719.643624, 3648074945.062764, 3702472879.872077, 3756938608.454820, 3811472215.299419, 3866073784.999581, 3920743402.254460, 3975481151.868746, 4030287118.752838, 4085161387.922933, 4140104044.501189, 4195115173.715866, 4250194860.901408, 4305343191.498633, 4360560251.054832, 4415846125.223899, 4471200899.766489
PayLastFixingPayoff_1F : 12928000000.000000, 12928000000.000000, 12928000000.000000, 12928000000.000000, 12928000000.000000, 12928000000.000000, 12928000000.000000, 12928000000.000000, 12928000000.000000, 12928000000.000000, 12928000000.000000, 12928000000.000000, 12928000000.000000, 12928000000.000000, 12928000000.000000, 12928000000.000000, 12928000000.000000, 12928000000.000000, 12928000000.000000, 12928000000.000000, 12928000000.000000, 12928000000.000000, 12928000000.000000, 12928000000.000000, 12928000000.000000, 12928000000.000000, 12928000000.000000, 12928000000.000000, 12928000000.000000, 12928000000.000000, 12928000000.000000, 12928000000.000000, 12928000000.000000, 12928000000.000000, 12928000000.000000, 12928000000.000000, 12928000000.000000, 12928000000.000000, 12928000000.000000, 12928000000.000000, 12928000000.000000, 12928000000.000000, 12928000000.000000, 12928000000.000000, 12928000000.000000, 12928000000.000000, 12928000000.000000, 12928000000.000000, 12928000000.000000, 12928000000.000000, 12928000000.000000, 12928000000.000000, 12928000000.000000, 12928000000.000000, 12928000000.000000, 12928000000.000000, 12928000000.000000, 12928000000.000000, 12928000000.000000, 12928000000.000000, 12928000000.000000, 12928000000.000000, 12928000000.000000, 12928000000.000000, 12928000000.000000, 12928000000.000000, 12928000000.000000, 12928000000.000000, 12928000000.000000, 12928000000.000000, 12928000000.000000, 12928000000.000000, 12928000000.000000, 12928000000.000000, 12928000000.000000, 12928000000.000000, 12928000000.000000, 12928000000.000000, 12928000000.000000, 12928000000.000000, 12928000000.000000, 12928000000.000000, 12928000000.000000, 12928000000.000000, 12928000000.000000, 12928000000.000000, 12928000000.000000, 12928000000.000000, 12928000000.000000, 12928000000.000000, 12928000000.000000, 12928000000.000000, 12928000000.000000, 12928000000.000000, 12928000000.000000, 12928000000.000000, 12928000000.000000, 12928000000.000000, 12928000000.000000, 12928000000.000000
PayLastFixingPayoff_1F : 1.323105
DF_in_FDMTimeGreed : 20331124.000000, 9.230137, 9.301370, 0.997831
RcvLastFixingPayoff_1F : -0.000000, -0.000000, -0.000000, -0.000000, -0.000000, -0.000000, -0.000000, -0.000000, -0.000000, -0.000000, -0.000000, -0.000000, -0.000000, -0.000000, 3760669.893320, 53616854.778760, 103535173.252819, 153515702.749846, 203558520.800750, 253663705.033021, 303831333.170925, 354061483.035566, 404354232.545051, 454709659.714590, 505127842.656607, 555608859.580898, 606152788.794704, 656759708.702870, 707429697.807946, 758162834.710330, 808959198.108363, 859818866.798471, 910741919.675271, 961728435.731723, 1012778494.059210, 1063892173.847691, 1115069554.385823, 1166310715.061071, 1217615735.359838, 1268984694.867586, 1320417673.268966, 1371914750.347926, 1423476005.987859, 1475101520.171702, 1526791372.982075, 1578545644.601409, 1630364415.312039, 1682247765.496394, 1734195775.637033, 1786208526.316851, 1838286098.219157, 1890428572.127805, 1942636028.927346, 1994908549.603118, 2047246215.241389, 2099649107.029488, 2152117306.255920, 2204650894.310492, 2257249952.684453, 2309914562.970610, 2362644806.863444, 2415440766.159265, 2468302522.756307, 2521230158.654873, 2574223755.957475, 2627283396.868918, 2680409163.696486, 2733601138.850012, 2786859404.842054, 2840184044.287995, 2893575139.906157, 2947032774.517993, 3000557031.048130, 3054147992.524568, 3107805742.078767, 3161530362.945801, 3215321938.464466, 3269180552.077421, 3323106287.331329, 3377099227.876960, 3431159457.469327, 3485287059.967852, 3539482119.336430, 3593744719.643624, 3648074945.062764, 3702472879.872077, 3756938608.454820, 3811472215.299419, 3866073784.999581, 3920743402.254460, 3975481151.868746, 4030287118.752838, 4085161387.922933, 4140104044.501189, 4195115173.715866, 4250194860.901408, 4305343191.498633, 4360560251.054832, 4415846125.223899, 4471200899.766489
PayLastFixingPayoff_1F : 12928000000.000000, 12928000000.000000, 12928000000.000000, 12928000000.000000, 12928000000.000000, 12928000000.000000, 12928000000.000000, 12928000000.000000, 12928000000.000000, 12928000000.000000, 12928000000.000000, 12928000000.000000, 12928000000.000000, 12928000000.000000, 12928000000.000000, 12928000000.000000, 12928000000.000000, 12928000000.000000, 12928000000.000000, 12928000000.000000, 12928000000.000000, 12928000000.000000, 12928000000.000000, 12928000000.000000, 12928000000.000000, 12928000000.000000, 12928000000.000000, 12928000000.000000, 12928000000.000000, 12928000000.000000, 12928000000.000000, 12928000000.000000, 12928000000.000000, 12928000000.000000, 12928000000.000000, 12928000000.000000, 12928000000.000000, 12928000000.000000, 12928000000.000000, 12928000000.000000, 12928000000.000000, 12928000000.000000, 12928000000.000000, 12928000000.000000, 12928000000.000000, 12928000000.000000, 12928000000.000000, 12928000000.000000, 12928000000.000000, 12928000000.000000, 12928000000.000000, 12928000000.000000, 12928000000.000000, 12928000000.000000, 12928000000.000000, 12928000000.000000, 12928000000.000000, 12928000000.000000, 12928000000.000000, 12928000000.000000, 12928000000.000000, 12928000000.000000, 12928000000.000000, 12928000000.000000, 12928000000.000000, 12928000000.000000, 12928000000.000000, 12928000000.000000, 12928000000.000000, 12928000000.000000, 12928000000.000000, 12928000000.000000, 12928000000.000000, 12928000000.000000, 12928000000.000000, 12928000000.000000, 12928000000.000000, 12928000000.000000, 12928000000.000000, 12928000000.000000, 12928000000.000000, 12928000000.000000, 12928000000.000000, 12928000000.000000, 12928000000.000000, 12928000000.000000, 12928000000.000000, 12928000000.000000, 12928000000.000000, 12928000000.000000, 12928000000.000000, 12928000000.000000, 12928000000.000000, 12928000000.000000, 12928000000.000000, 12928000000.000000, 12928000000.000000, 12928000000.000000, 12928000000.000000, 12928000000.000000
PayLastFixingPayoff_1F : 1.323105
DF_in_FDMTimeGreed : 20330920.000000, 9.052055, 9.230137, 0.994594
DF_in_FDMTimeGreed : 20330620.000000, 8.800000, 9.052055, 0.992583
DF_in_FDMTimeGreed : 20330321.000000, 8.550685, 8.800000, 0.992708
DF_in_FDMTimeGreed : 20321220.000000, 8.301370, 8.550685, 0.992712
RcvLastFixingPayoff_1F : -0.000000, -0.000000, -0.000000, -0.000000, -0.000000, -0.000000, -0.000000, -0.000000, -0.000000, -0.000000, -0.000000, -0.000000, -0.000000, -0.000000, -0.000000, 41444549.457695, 90252060.797086, 139120398.808984, 188049639.299009, 237039858.167270, 286091131.408457, 335203535.111968, 384377145.462041, 433612038.737840, 482908291.313610, 532265979.658765, 581685180.338023, 631165970.011531, 680708425.434965, 730312623.459649, 779978641.032704, 829706555.197137, 879496443.091959, 929348381.952340, 979262449.109687, 1029238721.991782, 1079277278.122913, 1129378195.123978, 1179541550.712601, 1229767422.703277, 1280055889.007465, 1330407027.633732, 1380820916.687861, 1431297634.372976, 1481837258.989650, 1532439868.936045, 1583105542.708046, 1633834358.899336, 1684626396.201565, 1735481733.404439, 1786400449.395863, 1837382623.162071, 1888428333.787702, 1939537660.455979, 1990710682.448805, 2041947479.146881, 2093248130.029839, 2144612714.676369, 2196041312.764332, 2247534004.070879, 2299090868.472606, 2350711985.945627, 2402397436.565759, 2454147300.508584, 2505961658.049622, 2557840589.564434, 2609784175.528741, 2661792496.518568, 2713865633.210350, 2766003666.381071, 2818206676.908379, 2870474745.770726, 2922807954.047475, 2975206382.919030, 3027670113.666984, 3080199227.674207, 3132793806.425016, 3185453931.505252, 3238179684.602450, 3290971147.505953, 3343828402.107022, 3396751530.398974, 3449740614.477318, 3502795736.539887, 3555916978.886923, 3609104423.921261, 3662358154.148421, 3715678252.176747, 3769064800.717544, 3822517882.585175, 3876037580.697220, 3929623978.074610, 3983277157.841733, 4036997203.226555, 4090784197.560786, 4144638224.279986, 4198559366.923679, 4252547709.135529, 4306603334.663416, 4360726327.359607
PayLastFixingPayoff_1F : 11880000000.000000, 11880000000.000000, 11880000000.000000, 11880000000.000000, 11880000000.000000, 11880000000.000000, 11880000000.000000, 11880000000.000000, 11880000000.000000, 11880000000.000000, 11880000000.000000, 11880000000.000000, 11880000000.000000, 11880000000.000000, 11880000000.000000, 11880000000.000000, 11880000000.000000, 11880000000.000000, 11880000000.000000, 11880000000.000000, 11880000000.000000, 11880000000.000000, 11880000000.000000, 11880000000.000000, 11880000000.000000, 11880000000.000000, 11880000000.000000, 11880000000.000000, 11880000000.000000, 11880000000.000000, 11880000000.000000, 11880000000.000000, 11880000000.000000, 11880000000.000000, 11880000000.000000, 11880000000.000000, 11880000000.000000, 11880000000.000000, 11880000000.000000, 11880000000.000000, 11880000000.000000, 11880000000.000000, 11880000000.000000, 11880000000.000000, 11880000000.000000, 11880000000.000000, 11880000000.000000, 11880000000.000000, 11880000000.000000, 11880000000.000000, 11880000000.000000, 11880000000.000000, 11880000000.000000, 11880000000.000000, 11880000000.000000, 11880000000.000000, 11880000000.000000, 11880000000.000000, 11880000000.000000, 11880000000.000000, 11880000000.000000, 11880000000.000000, 11880000000.000000, 11880000000.000000, 11880000000.000000, 11880000000.000000, 11880000000.000000, 11880000000.000000, 11880000000.000000, 11880000000.000000, 11880000000.000000, 11880000000.000000, 11880000000.000000, 11880000000.000000, 11880000000.000000, 11880000000.000000, 11880000000.000000, 11880000000.000000, 11880000000.000000, 11880000000.000000, 11880000000.000000, 11880000000.000000, 11880000000.000000, 11880000000.000000, 11880000000.000000, 11880000000.000000, 11880000000.000000, 11880000000.000000, 11880000000.000000, 11880000000.000000, 11880000000.000000, 11880000000.000000, 11880000000.000000, 11880000000.000000, 11880000000.000000, 11880000000.000000, 11880000000.000000, 11880000000.000000, 11880000000.000000, 11880000000.000000
PayLastFixingPayoff_1F : 1.296908
DF_in_FDMTimeGreed : 20321124.000000, 8.230137, 8.301370, 0.997913
RcvLastFixingPayoff_1F : -0.000000, -0.000000, -0.000000, -0.000000, -0.000000, -0.000000, -0.000000, -0.000000, -0.000000, -0.000000, -0.000000, -0.000000, -0.000000, -0.000000, -0.000000, 41444549.457695, 90252060.797086, 139120398.808984, 188049639.299009, 237039858.167270, 286091131.408457, 335203535.111968, 384377145.462041, 433612038.737840, 482908291.313610, 532265979.658765, 581685180.338023, 631165970.011531, 680708425.434965, 730312623.459649, 779978641.032704, 829706555.197137, 879496443.091959, 929348381.952340, 979262449.109687, 1029238721.991782, 1079277278.122913, 1129378195.123978, 1179541550.712601, 1229767422.703277, 1280055889.007465, 1330407027.633732, 1380820916.687861, 1431297634.372976, 1481837258.989650, 1532439868.936045, 1583105542.708046, 1633834358.899336, 1684626396.201565, 1735481733.404439, 1786400449.395863, 1837382623.162071, 1888428333.787702, 1939537660.455979, 1990710682.448805, 2041947479.146881, 2093248130.029839, 2144612714.676369, 2196041312.764332, 2247534004.070879, 2299090868.472606, 2350711985.945627, 2402397436.565759, 2454147300.508584, 2505961658.049622, 2557840589.564434, 2609784175.528741, 2661792496.518568, 2713865633.210350, 2766003666.381071, 2818206676.908379, 2870474745.770726, 2922807954.047475, 2975206382.919030, 3027670113.666984, 3080199227.674207, 3132793806.425016, 3185453931.505252, 3238179684.602450, 3290971147.505953, 3343828402.107022, 3396751530.398974, 3449740614.477318, 3502795736.539887, 3555916978.886923, 3609104423.921261, 3662358154.148421, 3715678252.176747, 3769064800.717544, 3822517882.585175, 3876037580.697220, 3929623978.074610, 3983277157.841733, 4036997203.226555, 4090784197.560786, 4144638224.279986, 4198559366.923679, 4252547709.135529, 4306603334.663416, 4360726327.359607
PayLastFixingPayoff_1F : 11880000000.000000, 11880000000.000000, 11880000000.000000, 11880000000.000000, 11880000000.000000, 11880000000.000000, 11880000000.000000, 11880000000.000000, 11880000000.000000, 11880000000.000000, 11880000000.000000, 11880000000.000000, 11880000000.000000, 11880000000.000000, 11880000000.000000, 11880000000.000000, 11880000000.000000, 11880000000.000000, 11880000000.000000, 11880000000.000000, 11880000000.000000, 11880000000.000000, 11880000000.000000, 11880000000.000000, 11880000000.000000, 11880000000.000000, 11880000000.000000, 11880000000.000000, 11880000000.000000, 11880000000.000000, 11880000000.000000, 11880000000.000000, 11880000000.000000, 11880000000.000000, 11880000000.000000, 11880000000.000000, 11880000000.000000, 11880000000.000000, 11880000000.000000, 11880000000.000000, 11880000000.000000, 11880000000.000000, 11880000000.000000, 11880000000.000000, 11880000000.000000, 11880000000.000000, 11880000000.000000, 11880000000.000000, 11880000000.000000, 11880000000.000000, 11880000000.000000, 11880000000.000000, 11880000000.000000, 11880000000.000000, 11880000000.000000, 11880000000.000000, 11880000000.000000, 11880000000.000000, 11880000000.000000, 11880000000.000000, 11880000000.000000, 11880000000.000000, 11880000000.000000, 11880000000.000000, 11880000000.000000, 11880000000.000000, 11880000000.000000, 11880000000.000000, 11880000000.000000, 11880000000.000000, 11880000000.000000, 11880000000.000000, 11880000000.000000, 11880000000.000000, 11880000000.000000, 11880000000.000000, 11880000000.000000, 11880000000.000000, 11880000000.000000, 11880000000.000000, 11880000000.000000, 11880000000.000000, 11880000000.000000, 11880000000.000000, 11880000000.000000, 11880000000.000000, 11880000000.000000, 11880000000.000000, 11880000000.000000, 11880000000.000000, 11880000000.000000, 11880000000.000000, 11880000000.000000, 11880000000.000000, 11880000000.000000, 11880000000.000000, 11880000000.000000, 11880000000.000000, 11880000000.000000, 11880000000.000000
PayLastFixingPayoff_1F : 1.296908
DF_in_FDMTimeGreed : 20320922.000000, 8.057534, 8.230137, 0.994952
DF_in_FDMTimeGreed : 20320621.000000, 7.802740, 8.057534, 0.992424
DF_in_FDMTimeGreed : 20320322.000000, 7.553425, 7.802740, 0.992572
DF_in_FDMTimeGreed : 20311222.000000, 7.304110, 7.553425, 0.992586
RcvLastFixingPayoff_1F : -0.000000, -0.000000, -0.000000, -0.000000, -0.000000, -0.000000, -0.000000, -0.000000, -0.000000, -0.000000, -0.000000, -0.000000, -0.000000, -0.000000, -0.000000, 47051689.527806, 96961826.122764, 146934163.543984, 196968779.309644, 247065751.034528, 297225156.430145, 347447073.304866, 397731579.564014, 448078753.210005, 498488672.342477, 548961415.158386, 599497059.952154, 650095685.115773, 700757369.138927, 751482190.609123, 802270228.211810, 853121560.730493, 904036267.046865, 955014426.140929, 1006056117.091109, 1057161419.074397, 1108330411.366434, 1159563173.341686, 1210859784.473520, 1262220324.334360, 1313644872.595789, 1365133509.028690, 1416686313.503351, 1468303365.989601, 1519984746.556936, 1571730535.374643, 1623540812.711913, 1675415658.937972, 1727355154.522215, 1779359380.034306, 1831428416.144343, 1883562343.622947, 1935761243.341388, 1988025196.271746, 2040354283.486997, 2092748586.161166, 2145208185.569427, 2197733163.088248, 2250323600.195528, 2302979578.470689, 2355701179.594830, 2408488485.350850, 2461341577.623563, 2514260538.399832, 2567245449.768708, 2620296393.921532, 2673413453.152082, 2726596709.856699, 2779846246.534400, 2833162145.787037, 2886544490.319382, 2939993362.939301, 2993508846.557834, 3047091024.189362, 3100739978.951740, 3154455794.066380, 3208238552.858430, 3262088338.756870, 3316005235.294663, 3369989326.108867, 3424040694.940784, 3478159425.636072, 3532345602.144878, 3586599308.521980, 3640920628.926908, 3695309647.624074, 3749766448.982911, 3804291117.477993, 3858883737.689164, 3913544394.301694, 3968273172.106378, 4023070155.999683, 4077935430.983887, 4132869082.167198, 4187871194.763888, 4242941854.094431, 4298081145.585632, 4353289154.770761, 4408565967.289678, 4463911668.888984
PayLastFixingPayoff_1F : 10852000000.000000, 10852000000.000000, 10852000000.000000, 10852000000.000000, 10852000000.000000, 10852000000.000000, 10852000000.000000, 10852000000.000000, 10852000000.000000, 10852000000.000000, 10852000000.000000, 10852000000.000000, 10852000000.000000, 10852000000.000000, 10852000000.000000, 10852000000.000000, 10852000000.000000, 10852000000.000000, 10852000000.000000, 10852000000.000000, 10852000000.000000, 10852000000.000000, 10852000000.000000, 10852000000.000000, 10852000000.000000, 10852000000.000000, 10852000000.000000, 10852000000.000000, 10852000000.000000, 10852000000.000000, 10852000000.000000, 10852000000.000000, 10852000000.000000, 10852000000.000000, 10852000000.000000, 10852000000.000000, 10852000000.000000, 10852000000.000000, 10852000000.000000, 10852000000.000000, 10852000000.000000, 10852000000.000000, 10852000000.000000, 10852000000.000000, 10852000000.000000, 10852000000.000000, 10852000000.000000, 10852000000.000000, 10852000000.000000, 10852000000.000000, 10852000000.000000, 10852000000.000000, 10852000000.000000, 10852000000.000000, 10852000000.000000, 10852000000.000000, 10852000000.000000, 10852000000.000000, 10852000000.000000, 10852000000.000000, 10852000000.000000, 10852000000.000000, 10852000000.000000, 10852000000.000000, 10852000000.000000, 10852000000.000000, 10852000000.000000, 10852000000.000000, 10852000000.000000, 10852000000.000000, 10852000000.000000, 10852000000.000000, 10852000000.000000, 10852000000.000000, 10852000000.000000, 10852000000.000000, 10852000000.000000, 10852000000.000000, 10852000000.000000, 10852000000.000000, 10852000000.000000, 10852000000.000000, 10852000000.000000, 10852000000.000000, 10852000000.000000, 10852000000.000000, 10852000000.000000, 10852000000.000000, 10852000000.000000, 10852000000.000000, 10852000000.000000, 10852000000.000000, 10852000000.000000, 10852000000.000000, 10852000000.000000, 10852000000.000000, 10852000000.000000, 10852000000.000000, 10852000000.000000, 10852000000.000000
PayLastFixingPayoff_1F : 1.271229
DF_in_FDMTimeGreed : 20311126.000000, 7.232877, 7.304110, 0.997879
RcvLastFixingPayoff_1F : -0.000000, -0.000000, -0.000000, -0.000000, -0.000000, -0.000000, -0.000000, -0.000000, -0.000000, -0.000000, -0.000000, -0.000000, -0.000000, -0.000000, -0.000000, 47051689.527806, 96961826.122764, 146934163.543984, 196968779.309644, 247065751.034528, 297225156.430145, 347447073.304866, 397731579.564014, 448078753.210005, 498488672.342477, 548961415.158386, 599497059.952154, 650095685.115773, 700757369.138927, 751482190.609123, 802270228.211810, 853121560.730493, 904036267.046865, 955014426.140929, 1006056117.091109, 1057161419.074397, 1108330411.366434, 1159563173.341686, 1210859784.473520, 1262220324.334360, 1313644872.595789, 1365133509.028690, 1416686313.503351, 1468303365.989601, 1519984746.556936, 1571730535.374643, 1623540812.711913, 1675415658.937972, 1727355154.522215, 1779359380.034306, 1831428416.144343, 1883562343.622947, 1935761243.341388, 1988025196.271746, 2040354283.486997, 2092748586.161166, 2145208185.569427, 2197733163.088248, 2250323600.195528, 2302979578.470689, 2355701179.594830, 2408488485.350850, 2461341577.623563, 2514260538.399832, 2567245449.768708, 2620296393.921532, 2673413453.152082, 2726596709.856699, 2779846246.534400, 2833162145.787037, 2886544490.319382, 2939993362.939301, 2993508846.557834, 3047091024.189362, 3100739978.951740, 3154455794.066380, 3208238552.858430, 3262088338.756870, 3316005235.294663, 3369989326.108867, 3424040694.940784, 3478159425.636072, 3532345602.144878, 3586599308.521980, 3640920628.926908, 3695309647.624074, 3749766448.982911, 3804291117.477993, 3858883737.689164, 3913544394.301694, 3968273172.106378, 4023070155.999683, 4077935430.983887, 4132869082.167198, 4187871194.763888, 4242941854.094431, 4298081145.585632, 4353289154.770761, 4408565967.289678, 4463911668.888984
PayLastFixingPayoff_1F : 10852000000.000000, 10852000000.000000, 10852000000.000000, 10852000000.000000, 10852000000.000000, 10852000000.000000, 10852000000.000000, 10852000000.000000, 10852000000.000000, 10852000000.000000, 10852000000.000000, 10852000000.000000, 10852000000.000000, 10852000000.000000, 10852000000.000000, 10852000000.000000, 10852000000.000000, 10852000000.000000, 10852000000.000000, 10852000000.000000, 10852000000.000000, 10852000000.000000, 10852000000.000000, 10852000000.000000, 10852000000.000000, 10852000000.000000, 10852000000.000000, 10852000000.000000, 10852000000.000000, 10852000000.000000, 10852000000.000000, 10852000000.000000, 10852000000.000000, 10852000000.000000, 10852000000.000000, 10852000000.000000, 10852000000.000000, 10852000000.000000, 10852000000.000000, 10852000000.000000, 10852000000.000000, 10852000000.000000, 10852000000.000000, 10852000000.000000, 10852000000.000000, 10852000000.000000, 10852000000.000000, 10852000000.000000, 10852000000.000000, 10852000000.000000, 10852000000.000000, 10852000000.000000, 10852000000.000000, 10852000000.000000, 10852000000.000000, 10852000000.000000, 10852000000.000000, 10852000000.000000, 10852000000.000000, 10852000000.000000, 10852000000.000000, 10852000000.000000, 10852000000.000000, 10852000000.000000, 10852000000.000000, 10852000000.000000, 10852000000.000000, 10852000000.000000, 10852000000.000000, 10852000000.000000, 10852000000.000000, 10852000000.000000, 10852000000.000000, 10852000000.000000, 10852000000.000000, 10852000000.000000, 10852000000.000000, 10852000000.000000, 10852000000.000000, 10852000000.000000, 10852000000.000000, 10852000000.000000, 10852000000.000000, 10852000000.000000, 10852000000.000000, 10852000000.000000, 10852000000.000000, 10852000000.000000, 10852000000.000000, 10852000000.000000, 10852000000.000000, 10852000000.000000, 10852000000.000000, 10852000000.000000, 10852000000.000000, 10852000000.000000, 10852000000.000000, 10852000000.000000, 10852000000.000000, 10852000000.000000
PayLastFixingPayoff_1F : 1.271229
DF_in_FDMTimeGreed : 20310922.000000, 7.054795, 7.232877, 0.994710
DF_in_FDMTimeGreed : 20310620.000000, 6.797260, 7.054795, 0.992406
DF_in_FDMTimeGreed : 20310320.000000, 6.545205, 6.797260, 0.992587
DF_in_FDMTimeGreed : 20301220.000000, 6.298630, 6.545205, 0.992758
RcvLastFixingPayoff_1F : -0.000000, -0.000000, -0.000000, -0.000000, -0.000000, -0.000000, -0.000000, -0.000000, -0.000000, -0.000000, -0.000000, -0.000000, -0.000000, -0.000000, -0.000000, 43463679.245440, 93369344.259688, 143337204.527455, 193367337.559987, 243459820.965102, 293614732.447363, 343832149.808152, 394112150.945820, 444454813.855798, 494860216.630718, 545328437.460538, 595859554.632671, 646453646.532068, 697110791.641393, 747831068.541109, 798614555.909614, 849461332.523359, 900371477.256967, 951345069.083366, 1002382187.073898, 1053482910.398454, 1104647318.325578, 1155875490.222617, 1207167505.555830, 1258523443.890508, 1309943384.891092, 1361427408.321314, 1412975594.044313, 1464588022.022754, 1516264772.318964, 1568005925.095035, 1619811560.612973, 1671681759.234807, 1723616601.422706, 1775616167.739147, 1827680538.846968, 1879809795.509568, 1932004018.590978, 1984263289.056012, 2036587687.970385, 2088977296.500849, 2141432195.915301, 2193952467.582921, 2246538192.974293, 2299189453.661547, 2351906331.318454, 2404688907.720592, 2457537264.745434, 2510451484.372501, 2563431648.683486, 2616477839.862365, 2669590140.195545, 2722768632.071993, 2776013397.983327, 2829324520.523999, 2882702082.391366, 2936146166.385875, 2989656855.411150, 3043234232.474134, 3096878380.685218, 3150589383.258373, 3204367323.511278, 3258212284.865437, 3312124350.846331, 3366103605.083522, 3420150131.310811, 3474264013.366345, 3528445335.192750, 3582694180.837271, 3637010634.451896, 3691394780.293502, 3745846702.723934, 3800366486.210230, 3854954215.324639, 3909609974.744840, 3964333849.254039, 4019125923.741101, 4073986283.200682, 4128915012.733362, 4183912197.545782, 4238977922.950778, 4294112274.367495, 4349315337.321538, 4404587197.445099, 4459927940.477090
PayLastFixingPayoff_1F : 9844000000.000000, 9844000000.000000, 9844000000.000000, 9844000000.000000, 9844000000.000000, 9844000000.000000, 9844000000.000000, 9844000000.000000, 9844000000.000000, 9844000000.000000, 9844000000.000000, 9844000000.000000, 9844000000.000000, 9844000000.000000, 9844000000.000000, 9844000000.000000, 9844000000.000000, 9844000000.000000, 9844000000.000000, 9844000000.000000, 9844000000.000000, 9844000000.000000, 9844000000.000000, 9844000000.000000, 9844000000.000000, 9844000000.000000, 9844000000.000000, 9844000000.000000, 9844000000.000000, 9844000000.000000, 9844000000.000000, 9844000000.000000, 9844000000.000000, 9844000000.000000, 9844000000.000000, 9844000000.000000, 9844000000.000000, 9844000000.000000, 9844000000.000000, 9844000000.000000, 9844000000.000000, 9844000000.000000, 9844000000.000000, 9844000000.000000, 9844000000.000000, 9844000000.000000, 9844000000.000000, 9844000000.000000, 9844000000.000000, 9844000000.000000, 9844000000.000000, 9844000000.000000, 9844000000.000000, 9844000000.000000, 9844000000.000000, 9844000000.000000, 9844000000.000000, 9844000000.000000, 9844000000.000000, 9844000000.000000, 9844000000.000000, 9844000000.000000, 9844000000.000000, 9844000000.000000, 9844000000.000000, 9844000000.000000, 9844000000.000000, 9844000000.000000, 9844000000.000000, 9844000000.000000, 9844000000.000000, 9844000000.000000, 9844000000.000000, 9844000000.000000, 9844000000.000000, 9844000000.000000, 9844000000.000000, 9844000000.000000, 9844000000.000000, 9844000000.000000, 9844000000.000000, 9844000000.000000, 9844000000.000000, 9844000000.000000, 9844000000.000000, 9844000000.000000, 9844000000.000000, 9844000000.000000, 9844000000.000000, 9844000000.000000, 9844000000.000000, 9844000000.000000, 9844000000.000000, 9844000000.000000, 9844000000.000000, 9844000000.000000, 9844000000.000000, 9844000000.000000, 9844000000.000000, 9844000000.000000
PayLastFixingPayoff_1F : 1.246059
DF_in_FDMTimeGreed : 20301126.000000, 6.232877, 6.298630, 0.998065
RcvLastFixingPayoff_1F : -0.000000, -0.000000, -0.000000, -0.000000, -0.000000, -0.000000, -0.000000, -0.000000, -0.000000, -0.000000, -0.000000, -0.000000, -0.000000, -0.000000, -0.000000, 43463679.245440, 93369344.259688, 143337204.527455, 193367337.559987, 243459820.965102, 293614732.447363, 343832149.808152, 394112150.945820, 444454813.855798, 494860216.630718, 545328437.460538, 595859554.632671, 646453646.532068, 697110791.641393, 747831068.541109, 798614555.909614, 849461332.523359, 900371477.256967, 951345069.083366, 1002382187.073898, 1053482910.398454, 1104647318.325578, 1155875490.222617, 1207167505.555830, 1258523443.890508, 1309943384.891092, 1361427408.321314, 1412975594.044313, 1464588022.022754, 1516264772.318964, 1568005925.095035, 1619811560.612973, 1671681759.234807, 1723616601.422706, 1775616167.739147, 1827680538.846968, 1879809795.509568, 1932004018.590978, 1984263289.056012, 2036587687.970385, 2088977296.500849, 2141432195.915301, 2193952467.582921, 2246538192.974293, 2299189453.661547, 2351906331.318454, 2404688907.720592, 2457537264.745434, 2510451484.372501, 2563431648.683486, 2616477839.862365, 2669590140.195545, 2722768632.071993, 2776013397.983327, 2829324520.523999, 2882702082.391366, 2936146166.385875, 2989656855.411150, 3043234232.474134, 3096878380.685218, 3150589383.258373, 3204367323.511278, 3258212284.865437, 3312124350.846331, 3366103605.083522, 3420150131.310811, 3474264013.366345, 3528445335.192750, 3582694180.837271, 3637010634.451896, 3691394780.293502, 3745846702.723934, 3800366486.210230, 3854954215.324639, 3909609974.744840, 3964333849.254039, 4019125923.741101, 4073986283.200682, 4128915012.733362, 4183912197.545782, 4238977922.950778, 4294112274.367495, 4349315337.321538, 4404587197.445099, 4459927940.477090
PayLastFixingPayoff_1F : 9844000000.000000, 9844000000.000000, 9844000000.000000, 9844000000.000000, 9844000000.000000, 9844000000.000000, 9844000000.000000, 9844000000.000000, 9844000000.000000, 9844000000.000000, 9844000000.000000, 9844000000.000000, 9844000000.000000, 9844000000.000000, 9844000000.000000, 9844000000.000000, 9844000000.000000, 9844000000.000000, 9844000000.000000, 9844000000.000000, 9844000000.000000, 9844000000.000000, 9844000000.000000, 9844000000.000000, 9844000000.000000, 9844000000.000000, 9844000000.000000, 9844000000.000000, 9844000000.000000, 9844000000.000000, 9844000000.000000, 9844000000.000000, 9844000000.000000, 9844000000.000000, 9844000000.000000, 9844000000.000000, 9844000000.000000, 9844000000.000000, 9844000000.000000, 9844000000.000000, 9844000000.000000, 9844000000.000000, 9844000000.000000, 9844000000.000000, 9844000000.000000, 9844000000.000000, 9844000000.000000, 9844000000.000000, 9844000000.000000, 9844000000.000000, 9844000000.000000, 9844000000.000000, 9844000000.000000, 9844000000.000000, 9844000000.000000, 9844000000.000000, 9844000000.000000, 9844000000.000000, 9844000000.000000, 9844000000.000000, 9844000000.000000, 9844000000.000000, 9844000000.000000, 9844000000.000000, 9844000000.000000, 9844000000.000000, 9844000000.000000, 9844000000.000000, 9844000000.000000, 9844000000.000000, 9844000000.000000, 9844000000.000000, 9844000000.000000, 9844000000.000000, 9844000000.000000, 9844000000.000000, 9844000000.000000, 9844000000.000000, 9844000000.000000, 9844000000.000000, 9844000000.000000, 9844000000.000000, 9844000000.000000, 9844000000.000000, 9844000000.000000, 9844000000.000000, 9844000000.000000, 9844000000.000000, 9844000000.000000, 9844000000.000000, 9844000000.000000, 9844000000.000000, 9844000000.000000, 9844000000.000000, 9844000000.000000, 9844000000.000000, 9844000000.000000, 9844000000.000000, 9844000000.000000, 9844000000.000000
PayLastFixingPayoff_1F : 1.246059
DF_in_FDMTimeGreed : 20300920.000000, 6.049315, 6.232877, 0.994613
DF_in_FDMTimeGreed : 20300620.000000, 5.797260, 6.049315, 0.992780
DF_in_FDMTimeGreed : 20300320.000000, 5.545205, 5.797260, 0.992809
DF_in_FDMTimeGreed : 20291220.000000, 5.298630, 5.545205, 0.992959
RcvLastFixingPayoff_1F : -0.000000, -0.000000, -0.000000, -0.000000, -0.000000, -0.000000, -0.000000, -0.000000, -0.000000, -0.000000, -0.000000, -0.000000, -0.000000, -0.000000, -0.000000, 35917799.019601, 85814059.932452, 135772504.378911, 185793209.855602, 235876253.955732, 286021714.369201, 336229668.882752, 386500195.380047, 436833371.841818, 487229276.345990, 537687987.067785, 588209582.279847, 638794140.352372, 689441739.753241, 740152459.048097, 790926376.900516, 841763572.072106, 892664123.422623, 943628109.910117, 994655610.591027, 1045746704.620329, 1096901471.251626, 1148119989.837319, 1199402339.828682, 1250748600.776011, 1302158852.328744, 1353633174.235580, 1405171646.344601, 1456774348.603418, 1508441361.059263, 1560172763.859123, 1611968637.249875, 1663829061.578413, 1715754117.291744, 1767743884.937154, 1819798445.162292, 1871917878.715330, 1924102266.445071, 1976351689.301064, 2028666228.333752, 2081045964.694587, 2133490979.636152, 2186001354.512305, 2238577170.778272, 2291218509.990803, 2343925453.808290, 2396698083.990898, 2449536482.400666, 2502440731.001669, 2555410911.860144, 2608447107.144567, 2661549399.125850, 2714717870.177416, 2767952602.775362, 2821253679.498554, 2874621183.028790, 2928055196.150896, 2981555801.752872, 3035123082.826037, 3088757122.465108, 3142458003.868378, 3196225810.337817, 3250060625.279226, 3303962532.202336, 3357931614.720953, 3411967956.553101, 3466071641.521116, 3520242753.551826, 3574481376.676628, 3628787595.031656, 3683161492.857900, 3737603154.501321, 3792112664.413031, 3846690107.149346, 3901335567.371994, 3956049129.848195, 4010830879.450825, 4065680901.158516, 4120599280.055820, 4175586101.333322, 4230641450.287777, 4285765412.322235, 4340958072.946180, 4396219517.775674, 4451549832.533476
PayLastFixingPayoff_1F : 8856000000.000000, 8856000000.000000, 8856000000.000000, 8856000000.000000, 8856000000.000000, 8856000000.000000, 8856000000.000000, 8856000000.000000, 8856000000.000000, 8856000000.000000, 8856000000.000000, 8856000000.000000, 8856000000.000000, 8856000000.000000, 8856000000.000000, 8856000000.000000, 8856000000.000000, 8856000000.000000, 8856000000.000000, 8856000000.000000, 8856000000.000000, 8856000000.000000, 8856000000.000000, 8856000000.000000, 8856000000.000000, 8856000000.000000, 8856000000.000000, 8856000000.000000, 8856000000.000000, 8856000000.000000, 8856000000.000000, 8856000000.000000, 8856000000.000000, 8856000000.000000, 8856000000.000000, 8856000000.000000, 8856000000.000000, 8856000000.000000, 8856000000.000000, 8856000000.000000, 8856000000.000000, 8856000000.000000, 8856000000.000000, 8856000000.000000, 8856000000.000000, 8856000000.000000, 8856000000.000000, 8856000000.000000, 8856000000.000000, 8856000000.000000, 8856000000.000000, 8856000000.000000, 8856000000.000000, 8856000000.000000, 8856000000.000000, 8856000000.000000, 8856000000.000000, 8856000000.000000, 8856000000.000000, 8856000000.000000, 8856000000.000000, 8856000000.000000, 8856000000.000000, 8856000000.000000, 8856000000.000000, 8856000000.000000, 8856000000.000000, 8856000000.000000, 8856000000.000000, 8856000000.000000, 8856000000.000000, 8856000000.000000, 8856000000.000000, 8856000000.000000, 8856000000.000000, 8856000000.000000, 8856000000.000000, 8856000000.000000, 8856000000.000000, 8856000000.000000, 8856000000.000000, 8856000000.000000, 8856000000.000000, 8856000000.000000, 8856000000.000000, 8856000000.000000, 8856000000.000000, 8856000000.000000, 8856000000.000000, 8856000000.000000, 8856000000.000000, 8856000000.000000, 8856000000.000000, 8856000000.000000, 8856000000.000000, 8856000000.000000, 8856000000.000000, 8856000000.000000, 8856000000.000000, 8856000000.000000
PayLastFixingPayoff_1F : 1.221387
DF_in_FDMTimeGreed : 20291126.000000, 5.232877, 5.298630, 0.998117
RcvLastFixingPayoff_1F : -0.000000, -0.000000, -0.000000, -0.000000, -0.000000, -0.000000, -0.000000, -0.000000, -0.000000, -0.000000, -0.000000, -0.000000, -0.000000, -0.000000, -0.000000, 35917799.019601, 85814059.932452, 135772504.378911, 185793209.855602, 235876253.955732, 286021714.369201, 336229668.882752, 386500195.380047, 436833371.841818, 487229276.345990, 537687987.067785, 588209582.279847, 638794140.352372, 689441739.753241, 740152459.048097, 790926376.900516, 841763572.072106, 892664123.422623, 943628109.910117, 994655610.591027, 1045746704.620329, 1096901471.251626, 1148119989.837319, 1199402339.828682, 1250748600.776011, 1302158852.328744, 1353633174.235580, 1405171646.344601, 1456774348.603418, 1508441361.059263, 1560172763.859123, 1611968637.249875, 1663829061.578413, 1715754117.291744, 1767743884.937154, 1819798445.162292, 1871917878.715330, 1924102266.445071, 1976351689.301064, 2028666228.333752, 2081045964.694587, 2133490979.636152, 2186001354.512305, 2238577170.778272, 2291218509.990803, 2343925453.808290, 2396698083.990898, 2449536482.400666, 2502440731.001669, 2555410911.860144, 2608447107.144567, 2661549399.125850, 2714717870.177416, 2767952602.775362, 2821253679.498554, 2874621183.028790, 2928055196.150896, 2981555801.752872, 3035123082.826037, 3088757122.465108, 3142458003.868378, 3196225810.337817, 3250060625.279226, 3303962532.202336, 3357931614.720953, 3411967956.553101, 3466071641.521116, 3520242753.551826, 3574481376.676628, 3628787595.031656, 3683161492.857900, 3737603154.501321, 3792112664.413031, 3846690107.149346, 3901335567.371994, 3956049129.848195, 4010830879.450825, 4065680901.158516, 4120599280.055820, 4175586101.333322, 4230641450.287777, 4285765412.322235, 4340958072.946180, 4396219517.775674, 4451549832.533476
PayLastFixingPayoff_1F : 8856000000.000000, 8856000000.000000, 8856000000.000000, 8856000000.000000, 8856000000.000000, 8856000000.000000, 8856000000.000000, 8856000000.000000, 8856000000.000000, 8856000000.000000, 8856000000.000000, 8856000000.000000, 8856000000.000000, 8856000000.000000, 8856000000.000000, 8856000000.000000, 8856000000.000000, 8856000000.000000, 8856000000.000000, 8856000000.000000, 8856000000.000000, 8856000000.000000, 8856000000.000000, 8856000000.000000, 8856000000.000000, 8856000000.000000, 8856000000.000000, 8856000000.000000, 8856000000.000000, 8856000000.000000, 8856000000.000000, 8856000000.000000, 8856000000.000000, 8856000000.000000, 8856000000.000000, 8856000000.000000, 8856000000.000000, 8856000000.000000, 8856000000.000000, 8856000000.000000, 8856000000.000000, 8856000000.000000, 8856000000.000000, 8856000000.000000, 8856000000.000000, 8856000000.000000, 8856000000.000000, 8856000000.000000, 8856000000.000000, 8856000000.000000, 8856000000.000000, 8856000000.000000, 8856000000.000000, 8856000000.000000, 8856000000.000000, 8856000000.000000, 8856000000.000000, 8856000000.000000, 8856000000.000000, 8856000000.000000, 8856000000.000000, 8856000000.000000, 8856000000.000000, 8856000000.000000, 8856000000.000000, 8856000000.000000, 8856000000.000000, 8856000000.000000, 8856000000.000000, 8856000000.000000, 8856000000.000000, 8856000000.000000, 8856000000.000000, 8856000000.000000, 8856000000.000000, 8856000000.000000, 8856000000.000000, 8856000000.000000, 8856000000.000000, 8856000000.000000, 8856000000.000000, 8856000000.000000, 8856000000.000000, 8856000000.000000, 8856000000.000000, 8856000000.000000, 8856000000.000000, 8856000000.000000, 8856000000.000000, 8856000000.000000, 8856000000.000000, 8856000000.000000, 8856000000.000000, 8856000000.000000, 8856000000.000000, 8856000000.000000, 8856000000.000000, 8856000000.000000, 8856000000.000000, 8856000000.000000
PayLastFixingPayoff_1F : 1.221387
DF_in_FDMTimeGreed : 20290920.000000, 5.049315, 5.232877, 0.994749
DF_in_FDMTimeGreed : 20290620.000000, 4.797260, 5.049315, 0.992815
DF_in_FDMTimeGreed : 20290320.000000, 4.545205, 4.797260, 0.992811
DF_in_FDMTimeGreed : 20281220.000000, 4.298630, 4.545205, 0.992958
RcvLastFixingPayoff_1F : -0.000000, -0.000000, -0.000000, -0.000000, -0.000000, -0.000000, -0.000000, -0.000000, -0.000000, -0.000000, -0.000000, -0.000000, -0.000000, -0.000000, -0.000000, 36088680.545080, 85985154.420124, 135943812.094177, 185964731.064197, 236047988.923731, 286193663.363008, 336401832.169086, 386672573.225978, 437005964.514740, 487402084.113631, 537861010.198206, 588382821.041451, 638967595.013892, 689615410.583737, 740326346.316973, 791100480.877512, 841937893.027293, 892838661.626414, 943802865.633258, 994830584.104609, 1045921896.195761, 1097076881.160681, 1148295618.352091, 1199578187.221614, 1250924667.319877, 1302335138.296659, 1353809679.901008, 1405348371.981347, 1456951294.485617, 1508618527.461396, 1560350151.056014, 1612146245.516695, 1664006891.190663, 1715932168.525285, 1767922158.068182, 1819976940.467353, 1872096596.471304, 1924281206.929179, 1976530852.790898, 2028845615.107228, 2081225575.029970, 2133670813.812068, 2186181412.807706, 2238757453.472475, 2291399017.363468, 2344106186.139419, 2396879041.560845, 2449717665.490139, 2502622139.891729, 2555592546.832186, 2608628968.480352, 2661731487.107489, 2714900185.087366, 2768135144.896426, 2821436449.113902, 2874804180.421936, 2928238421.605716, 2981739255.553587, 3035306765.257218, 3088941033.811691, 3142642144.415648, 3196410180.371421, 3250245225.085161, 3304147362.066953, 3358116674.930974, 3412153247.395586, 3466257163.283498, 3520428506.521886, 3574667361.142517, 3628973811.281874, 3683347941.181303, 3737789835.187142, 3792299577.750842, 3846877253.429101, 3901522946.883992, 3956236742.883110, 4011018726.299676, 4065868982.112708, 4120787595.407101, 4175774651.373808, 4230830235.309958, 4285954432.618951, 4341147328.810650, 4396409009.501473, 4451739560.414551
PayLastFixingPayoff_1F : 7892000000.000000, 7892000000.000000, 7892000000.000000, 7892000000.000000, 7892000000.000000, 7892000000.000000, 7892000000.000000, 7892000000.000000, 7892000000.000000, 7892000000.000000, 7892000000.000000, 7892000000.000000, 7892000000.000000, 7892000000.000000, 7892000000.000000, 7892000000.000000, 7892000000.000000, 7892000000.000000, 7892000000.000000, 7892000000.000000, 7892000000.000000, 7892000000.000000, 7892000000.000000, 7892000000.000000, 7892000000.000000, 7892000000.000000, 7892000000.000000, 7892000000.000000, 7892000000.000000, 7892000000.000000, 7892000000.000000, 7892000000.000000, 7892000000.000000, 7892000000.000000, 7892000000.000000, 7892000000.000000, 7892000000.000000, 7892000000.000000, 7892000000.000000, 7892000000.000000, 7892000000.000000, 7892000000.000000, 7892000000.000000, 7892000000.000000, 7892000000.000000, 7892000000.000000, 7892000000.000000, 7892000000.000000, 7892000000.000000, 7892000000.000000, 7892000000.000000, 7892000000.000000, 7892000000.000000, 7892000000.000000, 7892000000.000000, 7892000000.000000, 7892000000.000000, 7892000000.000000, 7892000000.000000, 7892000000.000000, 7892000000.000000, 7892000000.000000, 7892000000.000000, 7892000000.000000, 7892000000.000000, 7892000000.000000, 7892000000.000000, 7892000000.000000, 7892000000.000000, 7892000000.000000, 7892000000.000000, 7892000000.000000, 7892000000.000000, 7892000000.000000, 7892000000.000000, 7892000000.000000, 7892000000.000000, 7892000000.000000, 7892000000.000000, 7892000000.000000, 7892000000.000000, 7892000000.000000, 7892000000.000000, 7892000000.000000, 7892000000.000000, 7892000000.000000, 7892000000.000000, 7892000000.000000, 7892000000.000000, 7892000000.000000, 7892000000.000000, 7892000000.000000, 7892000000.000000, 7892000000.000000, 7892000000.000000, 7892000000.000000, 7892000000.000000, 7892000000.000000, 7892000000.000000, 7892000000.000000
PayLastFixingPayoff_1F : 1.197203
DF_in_FDMTimeGreed : 20281124.000000, 4.227397, 4.298630, 0.997959
RcvLastFixingPayoff_1F : -0.000000, -0.000000, -0.000000, -0.000000, -0.000000, -0.000000, -0.000000, -0.000000, -0.000000, -0.000000, -0.000000, -0.000000, -0.000000, -0.000000, -0.000000, 36088680.545080, 85985154.420124, 135943812.094177, 185964731.064197, 236047988.923731, 286193663.363008, 336401832.169086, 386672573.225978, 437005964.514740, 487402084.113631, 537861010.198206, 588382821.041451, 638967595.013892, 689615410.583737, 740326346.316973, 791100480.877512, 841937893.027293, 892838661.626414, 943802865.633258, 994830584.104609, 1045921896.195761, 1097076881.160681, 1148295618.352091, 1199578187.221614, 1250924667.319877, 1302335138.296659, 1353809679.901008, 1405348371.981347, 1456951294.485617, 1508618527.461396, 1560350151.056014, 1612146245.516695, 1664006891.190663, 1715932168.525285, 1767922158.068182, 1819976940.467353, 1872096596.471304, 1924281206.929179, 1976530852.790898, 2028845615.107228, 2081225575.029970, 2133670813.812068, 2186181412.807706, 2238757453.472475, 2291399017.363468, 2344106186.139419, 2396879041.560845, 2449717665.490139, 2502622139.891729, 2555592546.832186, 2608628968.480352, 2661731487.107489, 2714900185.087366, 2768135144.896426, 2821436449.113902, 2874804180.421936, 2928238421.605716, 2981739255.553587, 3035306765.257218, 3088941033.811691, 3142642144.415648, 3196410180.371421, 3250245225.085161, 3304147362.066953, 3358116674.930974, 3412153247.395586, 3466257163.283498, 3520428506.521886, 3574667361.142517, 3628973811.281874, 3683347941.181303, 3737789835.187142, 3792299577.750842, 3846877253.429101, 3901522946.883992, 3956236742.883110, 4011018726.299676, 4065868982.112708, 4120787595.407101, 4175774651.373808, 4230830235.309958, 4285954432.618951, 4341147328.810650, 4396409009.501473, 4451739560.414551
PayLastFixingPayoff_1F : 7892000000.000000, 7892000000.000000, 7892000000.000000, 7892000000.000000, 7892000000.000000, 7892000000.000000, 7892000000.000000, 7892000000.000000, 7892000000.000000, 7892000000.000000, 7892000000.000000, 7892000000.000000, 7892000000.000000, 7892000000.000000, 7892000000.000000, 7892000000.000000, 7892000000.000000, 7892000000.000000, 7892000000.000000, 7892000000.000000, 7892000000.000000, 7892000000.000000, 7892000000.000000, 7892000000.000000, 7892000000.000000, 7892000000.000000, 7892000000.000000, 7892000000.000000, 7892000000.000000, 7892000000.000000, 7892000000.000000, 7892000000.000000, 7892000000.000000, 7892000000.000000, 7892000000.000000, 7892000000.000000, 7892000000.000000, 7892000000.000000, 7892000000.000000, 7892000000.000000, 7892000000.000000, 7892000000.000000, 7892000000.000000, 7892000000.000000, 7892000000.000000, 7892000000.000000, 7892000000.000000, 7892000000.000000, 7892000000.000000, 7892000000.000000, 7892000000.000000, 7892000000.000000, 7892000000.000000, 7892000000.000000, 7892000000.000000, 7892000000.000000, 7892000000.000000, 7892000000.000000, 7892000000.000000, 7892000000.000000, 7892000000.000000, 7892000000.000000, 7892000000.000000, 7892000000.000000, 7892000000.000000, 7892000000.000000, 7892000000.000000, 7892000000.000000, 7892000000.000000, 7892000000.000000, 7892000000.000000, 7892000000.000000, 7892000000.000000, 7892000000.000000, 7892000000.000000, 7892000000.000000, 7892000000.000000, 7892000000.000000, 7892000000.000000, 7892000000.000000, 7892000000.000000, 7892000000.000000, 7892000000.000000, 7892000000.000000, 7892000000.000000, 7892000000.000000, 7892000000.000000, 7892000000.000000, 7892000000.000000, 7892000000.000000, 7892000000.000000, 7892000000.000000, 7892000000.000000, 7892000000.000000, 7892000000.000000, 7892000000.000000, 7892000000.000000, 7892000000.000000, 7892000000.000000, 7892000000.000000
PayLastFixingPayoff_1F : 1.197203
DF_in_FDMTimeGreed : 20280920.000000, 4.049315, 4.227397, 0.994902
DF_in_FDMTimeGreed : 20280620.000000, 3.797260, 4.049315, 0.992966
DF_in_FDMTimeGreed : 20280320.000000, 3.545205, 3.797260, 0.992969
DF_in_FDMTimeGreed : 20271220.000000, 3.295890, 3.545205, 0.993007
RcvLastFixingPayoff_1F : -0.000000, -0.000000, -0.000000, -0.000000, -0.000000, -0.000000, -0.000000, -0.000000, -0.000000, -0.000000, -0.000000, -0.000000, -0.000000, -0.000000, -0.000000, 32105903.764910, 81997414.078972, 131951102.006176, 181967045.035769, 232045320.753575, 282186006.842095, 332389181.080660, 382654921.345523, 432983305.609987, 483374411.944543, 533828318.516974, 584345103.592471, 634924845.533775, 685567622.801280, 736273513.953158, 787042597.645500, 837874952.632402, 888770657.766128, 939729791.997197, 990752434.374530, 1041838664.045559, 1092988560.256352, 1144202202.351744, 1195479669.775447, 1246821042.070191, 1298226398.877813, 1349695819.939440, 1401229385.095546, 1452827174.286124, 1504489267.550782, 1556215745.028880, 1608006686.959666, 1659862173.682363, 1711782285.636339, 1763767103.361199, 1815816707.496924, 1867931178.783980, 1920110598.063485, 1972355046.277281, 2024664604.468095, 2077039353.779647, 2129479375.456794, 2181984750.845634, 2234555561.393646, 2287191888.649817, 2339893814.264760, 2392661419.990852, 2445494787.682351, 2498393999.295522, 2551359136.888775, 2604390282.622783, 2657487518.760611, 2710650927.667852, 2763880591.812742, 2817176593.766278, 2870539016.202399, 2923967941.898047, 2977463453.733332, 3031025634.691652, 3084654567.859838, 3138350336.428246, 3192113023.690927, 3245942713.045729, 3299839487.994433, 3353803432.142896, 3407834629.201158, 3461933162.983583, 3516099117.409001, 3570332576.500817, 3624633624.387141, 3679002345.300956, 3733438823.580197, 3787943143.667913, 3842515390.112395, 3897155647.567294, 3951864000.791764, 4006640534.650594, 4061485334.114332, 4116398484.259437, 4171380070.268366, 4226430177.429761, 4281548891.138536, 4336736296.896050, 4391992480.310202, 4447317527.095581
PayLastFixingPayoff_1F : 6939999999.999999, 6939999999.999999, 6939999999.999999, 6939999999.999999, 6939999999.999999, 6939999999.999999, 6939999999.999999, 6939999999.999999, 6939999999.999999, 6939999999.999999, 6939999999.999999, 6939999999.999999, 6939999999.999999, 6939999999.999999, 6939999999.999999, 6939999999.999999, 6939999999.999999, 6939999999.999999, 6939999999.999999, 6939999999.999999, 6939999999.999999, 6939999999.999999, 6939999999.999999, 6939999999.999999, 6939999999.999999, 6939999999.999999, 6939999999.999999, 6939999999.999999, 6939999999.999999, 6939999999.999999, 6939999999.999999, 6939999999.999999, 6939999999.999999, 6939999999.999999, 6939999999.999999, 6939999999.999999, 6939999999.999999, 6939999999.999999, 6939999999.999999, 6939999999.999999, 6939999999.999999, 6939999999.999999, 6939999999.999999, 6939999999.999999, 6939999999.999999, 6939999999.999999, 6939999999.999999, 6939999999.999999, 6939999999.999999, 6939999999.999999, 6939999999.999999, 6939999999.999999, 6939999999.999999, 6939999999.999999, 6939999999.999999, 6939999999.999999, 6939999999.999999, 6939999999.999999, 6939999999.999999, 6939999999.999999, 6939999999.999999, 6939999999.999999, 6939999999.999999, 6939999999.999999, 6939999999.999999, 6939999999.999999, 6939999999.999999, 6939999999.999999, 6939999999.999999, 6939999999.999999, 6939999999.999999, 6939999999.999999, 6939999999.999999, 6939999999.999999, 6939999999.999999, 6939999999.999999, 6939999999.999999, 6939999999.999999, 6939999999.999999, 6939999999.999999, 6939999999.999999, 6939999999.999999, 6939999999.999999, 6939999999.999999, 6939999999.999999, 6939999999.999999, 6939999999.999999, 6939999999.999999, 6939999999.999999, 6939999999.999999, 6939999999.999999, 6939999999.999999, 6939999999.999999, 6939999999.999999, 6939999999.999999, 6939999999.999999, 6939999999.999999, 6939999999.999999, 6939999999.999999, 6939999999.999999
PayLastFixingPayoff_1F : 1.173499
DF_in_FDMTimeGreed : 20271124.000000, 3.224658, 3.295890, 0.997990
RcvLastFixingPayoff_1F : -0.000000, -0.000000, -0.000000, -0.000000, -0.000000, -0.000000, -0.000000, -0.000000, -0.000000, -0.000000, -0.000000, -0.000000, -0.000000, -0.000000, -0.000000, 32105903.764910, 81997414.078972, 131951102.006176, 181967045.035769, 232045320.753575, 282186006.842095, 332389181.080660, 382654921.345523, 432983305.609987, 483374411.944543, 533828318.516974, 584345103.592471, 634924845.533775, 685567622.801280, 736273513.953158, 787042597.645500, 837874952.632402, 888770657.766128, 939729791.997197, 990752434.374530, 1041838664.045559, 1092988560.256352, 1144202202.351744, 1195479669.775447, 1246821042.070191, 1298226398.877813, 1349695819.939440, 1401229385.095546, 1452827174.286124, 1504489267.550782, 1556215745.028880, 1608006686.959666, 1659862173.682363, 1711782285.636339, 1763767103.361199, 1815816707.496924, 1867931178.783980, 1920110598.063485, 1972355046.277281, 2024664604.468095, 2077039353.779647, 2129479375.456794, 2181984750.845634, 2234555561.393646, 2287191888.649817, 2339893814.264760, 2392661419.990852, 2445494787.682351, 2498393999.295522, 2551359136.888775, 2604390282.622783, 2657487518.760611, 2710650927.667852, 2763880591.812742, 2817176593.766278, 2870539016.202399, 2923967941.898047, 2977463453.733332, 3031025634.691652, 3084654567.859838, 3138350336.428246, 3192113023.690927, 3245942713.045729, 3299839487.994433, 3353803432.142896, 3407834629.201158, 3461933162.983583, 3516099117.409001, 3570332576.500817, 3624633624.387141, 3679002345.300956, 3733438823.580197, 3787943143.667913, 3842515390.112395, 3897155647.567294, 3951864000.791764, 4006640534.650594, 4061485334.114332, 4116398484.259437, 4171380070.268366, 4226430177.429761, 4281548891.138536, 4336736296.896050, 4391992480.310202, 4447317527.095581
PayLastFixingPayoff_1F : 6939999999.999999, 6939999999.999999, 6939999999.999999, 6939999999.999999, 6939999999.999999, 6939999999.999999, 6939999999.999999, 6939999999.999999, 6939999999.999999, 6939999999.999999, 6939999999.999999, 6939999999.999999, 6939999999.999999, 6939999999.999999, 6939999999.999999, 6939999999.999999, 6939999999.999999, 6939999999.999999, 6939999999.999999, 6939999999.999999, 6939999999.999999, 6939999999.999999, 6939999999.999999, 6939999999.999999, 6939999999.999999, 6939999999.999999, 6939999999.999999, 6939999999.999999, 6939999999.999999, 6939999999.999999, 6939999999.999999, 6939999999.999999, 6939999999.999999, 6939999999.999999, 6939999999.999999, 6939999999.999999, 6939999999.999999, 6939999999.999999, 6939999999.999999, 6939999999.999999, 6939999999.999999, 6939999999.999999, 6939999999.999999, 6939999999.999999, 6939999999.999999, 6939999999.999999, 6939999999.999999, 6939999999.999999, 6939999999.999999, 6939999999.999999, 6939999999.999999, 6939999999.999999, 6939999999.999999, 6939999999.999999, 6939999999.999999, 6939999999.999999, 6939999999.999999, 6939999999.999999, 6939999999.999999, 6939999999.999999, 6939999999.999999, 6939999999.999999, 6939999999.999999, 6939999999.999999, 6939999999.999999, 6939999999.999999, 6939999999.999999, 6939999999.999999, 6939999999.999999, 6939999999.999999, 6939999999.999999, 6939999999.999999, 6939999999.999999, 6939999999.999999, 6939999999.999999, 6939999999.999999, 6939999999.999999, 6939999999.999999, 6939999999.999999, 6939999999.999999, 6939999999.999999, 6939999999.999999, 6939999999.999999, 6939999999.999999, 6939999999.999999, 6939999999.999999, 6939999999.999999, 6939999999.999999, 6939999999.999999, 6939999999.999999, 6939999999.999999, 6939999999.999999, 6939999999.999999, 6939999999.999999, 6939999999.999999, 6939999999.999999, 6939999999.999999, 6939999999.999999, 6939999999.999999, 6939999999.999999
PayLastFixingPayoff_1F : 1.173499
DF_in_FDMTimeGreed : 20270920.000000, 3.046575, 3.224658, 0.994970
DF_in_FDMTimeGreed : 20270621.000000, 2.797260, 3.046575, 0.993182
DF_in_FDMTimeGreed : 20270322.000000, 2.547945, 2.797260, 0.993142
DF_in_FDMTimeGreed : 20261221.000000, 2.298630, 2.547945, 0.993052
RcvLastFixingPayoff_1F : -0.000000, -0.000000, -0.000000, -0.000000, -0.000000, -0.000000, -0.000000, -0.000000, -0.000000, -0.000000, -0.000000, -0.000000, -0.000000, -0.000000, -0.000000, 32408819.513221, 82300707.337967, 132254773.246332, 182271094.728147, 232349749.369818, 282490814.854453, 332694368.961944, 382960489.569148, 433289254.649967, 483680742.275464, 534135030.614030, 584652197.931432, 635232322.591021, 685875483.053766, 736581757.878446, 787351225.721744, 838183965.338363, 889080055.581145, 940039575.401219, 991062603.848095, 1042149220.069807, 1093299503.313027, 1144513532.923192, 1195791388.344603, 1247133149.120599, 1298538894.893630, 1350008705.405408, 1401542660.497025, 1453140840.109065, 1504803324.281761, 1556530193.155065, 1608321526.968833, 1660177406.062906, 1712097910.877250, 1764083121.952077, 1816133119.927982, 1868247985.546058, 1920427799.648010, 1972672643.176310, 2024982597.174282, 2077357742.786275, 2129798161.257749, 2182303933.935432, 2234875142.267400, 2287511867.803279, 2340214192.194286, 2392982197.193420, 2445815964.655549, 2498715576.537570, 2551681114.898518, 2604712661.899679, 2657810299.804734, 2710974110.979909, 2764204177.894064, 2817500583.118823, 2870863409.328745, 2924292739.301395, 2977788655.917517, 3031351242.161137, 3084980581.119703, 3138676755.984217, 3192439850.049354, 3246269946.713587, 3300167129.479345, 3354131481.953094, 3408163087.845528, 3462262030.971632, 3516428395.250880, 3570662264.707304, 3624963723.469666, 3679332855.771576, 3733769745.951600, 3788274478.453431, 3842847137.826005, 3897487808.723603, 3952196575.906034, 4006973524.238723, 4061818738.692867, 4116732304.345544, 4171714306.379894, 4226764830.085172, 4281883960.856960, 4337071784.197243, 4392328385.714588, 4447653851.124227
PayLastFixingPayoff_1F : 6012000000.000000, 6012000000.000000, 6012000000.000000, 6012000000.000000, 6012000000.000000, 6012000000.000000, 6012000000.000000, 6012000000.000000, 6012000000.000000, 6012000000.000000, 6012000000.000000, 6012000000.000000, 6012000000.000000, 6012000000.000000, 6012000000.000000, 6012000000.000000, 6012000000.000000, 6012000000.000000, 6012000000.000000, 6012000000.000000, 6012000000.000000, 6012000000.000000, 6012000000.000000, 6012000000.000000, 6012000000.000000, 6012000000.000000, 6012000000.000000, 6012000000.000000, 6012000000.000000, 6012000000.000000, 6012000000.000000, 6012000000.000000, 6012000000.000000, 6012000000.000000, 6012000000.000000, 6012000000.000000, 6012000000.000000, 6012000000.000000, 6012000000.000000, 6012000000.000000, 6012000000.000000, 6012000000.000000, 6012000000.000000, 6012000000.000000, 6012000000.000000, 6012000000.000000, 6012000000.000000, 6012000000.000000, 6012000000.000000, 6012000000.000000, 6012000000.000000, 6012000000.000000, 6012000000.000000, 6012000000.000000, 6012000000.000000, 6012000000.000000, 6012000000.000000, 6012000000.000000, 6012000000.000000, 6012000000.000000, 6012000000.000000, 6012000000.000000, 6012000000.000000, 6012000000.000000, 6012000000.000000, 6012000000.000000, 6012000000.000000, 6012000000.000000, 6012000000.000000, 6012000000.000000, 6012000000.000000, 6012000000.000000, 6012000000.000000, 6012000000.000000, 6012000000.000000, 6012000000.000000, 6012000000.000000, 6012000000.000000, 6012000000.000000, 6012000000.000000, 6012000000.000000, 6012000000.000000, 6012000000.000000, 6012000000.000000, 6012000000.000000, 6012000000.000000, 6012000000.000000, 6012000000.000000, 6012000000.000000, 6012000000.000000, 6012000000.000000, 6012000000.000000, 6012000000.000000, 6012000000.000000, 6012000000.000000, 6012000000.000000, 6012000000.000000, 6012000000.000000, 6012000000.000000, 6012000000.000000
PayLastFixingPayoff_1F : 1.150263
DF_in_FDMTimeGreed : 20261125.000000, 2.227397, 2.298630, 0.997993
RcvLastFixingPayoff_1F : -0.000000, -0.000000, -0.000000, -0.000000, -0.000000, -0.000000, -0.000000, -0.000000, -0.000000, -0.000000, -0.000000, -0.000000, -0.000000, -0.000000, -0.000000, 32408819.513221, 82300707.337967, 132254773.246332, 182271094.728147, 232349749.369818, 282490814.854453, 332694368.961944, 382960489.569148, 433289254.649967, 483680742.275464, 534135030.614030, 584652197.931432, 635232322.591021, 685875483.053766, 736581757.878446, 787351225.721744, 838183965.338363, 889080055.581145, 940039575.401219, 991062603.848095, 1042149220.069807, 1093299503.313027, 1144513532.923192, 1195791388.344603, 1247133149.120599, 1298538894.893630, 1350008705.405408, 1401542660.497025, 1453140840.109065, 1504803324.281761, 1556530193.155065, 1608321526.968833, 1660177406.062906, 1712097910.877250, 1764083121.952077, 1816133119.927982, 1868247985.546058, 1920427799.648010, 1972672643.176310, 2024982597.174282, 2077357742.786275, 2129798161.257749, 2182303933.935432, 2234875142.267400, 2287511867.803279, 2340214192.194286, 2392982197.193420, 2445815964.655549, 2498715576.537570, 2551681114.898518, 2604712661.899679, 2657810299.804734, 2710974110.979909, 2764204177.894064, 2817500583.118823, 2870863409.328745, 2924292739.301395, 2977788655.917517, 3031351242.161137, 3084980581.119703, 3138676755.984217, 3192439850.049354, 3246269946.713587, 3300167129.479345, 3354131481.953094, 3408163087.845528, 3462262030.971632, 3516428395.250880, 3570662264.707304, 3624963723.469666, 3679332855.771576, 3733769745.951600, 3788274478.453431, 3842847137.826005, 3897487808.723603, 3952196575.906034, 4006973524.238723, 4061818738.692867, 4116732304.345544, 4171714306.379894, 4226764830.085172, 4281883960.856960, 4337071784.197243, 4392328385.714588, 4447653851.124227
PayLastFixingPayoff_1F : 6012000000.000000, 6012000000.000000, 6012000000.000000, 6012000000.000000, 6012000000.000000, 6012000000.000000, 6012000000.000000, 6012000000.000000, 6012000000.000000, 6012000000.000000, 6012000000.000000, 6012000000.000000, 6012000000.000000, 6012000000.000000, 6012000000.000000, 6012000000.000000, 6012000000.000000, 6012000000.000000, 6012000000.000000, 6012000000.000000, 6012000000.000000, 6012000000.000000, 6012000000.000000, 6012000000.000000, 6012000000.000000, 6012000000.000000, 6012000000.000000, 6012000000.000000, 6012000000.000000, 6012000000.000000, 6012000000.000000, 6012000000.000000, 6012000000.000000, 6012000000.000000, 6012000000.000000, 6012000000.000000, 6012000000.000000, 6012000000.000000, 6012000000.000000, 6012000000.000000, 6012000000.000000, 6012000000.000000, 6012000000.000000, 6012000000.000000, 6012000000.000000, 6012000000.000000, 6012000000.000000, 6012000000.000000, 6012000000.000000, 6012000000.000000, 6012000000.000000, 6012000000.000000, 6012000000.000000, 6012000000.000000, 6012000000.000000, 6012000000.000000, 6012000000.000000, 6012000000.000000, 6012000000.000000, 6012000000.000000, 6012000000.000000, 6012000000.000000, 6012000000.000000, 6012000000.000000, 6012000000.000000, 6012000000.000000, 6012000000.000000, 6012000000.000000, 6012000000.000000, 6012000000.000000, 6012000000.000000, 6012000000.000000, 6012000000.000000, 6012000000.000000, 6012000000.000000, 6012000000.000000, 6012000000.000000, 6012000000.000000, 6012000000.000000, 6012000000.000000, 6012000000.000000, 6012000000.000000, 6012000000.000000, 6012000000.000000, 6012000000.000000, 6012000000.000000, 6012000000.000000, 6012000000.000000, 6012000000.000000, 6012000000.000000, 6012000000.000000, 6012000000.000000, 6012000000.000000, 6012000000.000000, 6012000000.000000, 6012000000.000000, 6012000000.000000, 6012000000.000000, 6012000000.000000, 6012000000.000000
PayLastFixingPayoff_1F : 1.150263
DF_in_FDMTimeGreed : 20260921.000000, 2.049315, 2.227397, 0.994959
DF_in_FDMTimeGreed : 20260622.000000, 1.800000, 2.049315, 0.993134
DF_in_FDMTimeGreed : 20260320.000000, 1.542466, 1.800000, 0.992792
DF_in_FDMTimeGreed : 20251222.000000, 1.301370, 1.542466, 0.993302
RcvLastFixingPayoff_1F : -0.000000, -0.000000, -0.000000, -0.000000, -0.000000, -0.000000, -0.000000, -0.000000, -0.000000, -0.000000, -0.000000, -0.000000, -0.000000, -0.000000, -0.000000, 36842666.758766, 86740080.293941, 136699678.799188, 186721539.772916, 236805740.810134, 286952359.602529, 337161473.938641, 387433161.703933, 437767500.880940, 488164569.549391, 538624445.886307, 589147208.166150, 639732934.760920, 690381704.140309, 741093594.871782, 791868685.620726, 842707055.150576, 893608782.322902, 944573946.097577, 995602625.532876, 1046694899.785588, 1097850848.111169, 1149070549.863829, 1200354084.496689, 1251701531.561882, 1303112970.710690, 1354588481.693644, 1406128144.360688, 1457732038.661264, 1509400244.644455, 1561132842.459096, 1612929912.353936, 1664791534.677704, 1716717789.879278, 1768708758.507801, 1820764521.212789, 1872885158.744267, 1925070751.952916, 1977321381.790151, 2029637129.308296, 2082018075.660669, 2134464302.101735, 2186975889.987216, 2239552920.774238, 2292195476.021428, 2344903637.389072, 2397677486.639207, 2450517105.635778, 2503422576.344748, 2556393980.834240, 2609431401.274647, 2662534919.938776, 2715704619.201943, 2768940581.542158, 2822242889.540196, 2875611625.879759, 2929046873.347589, 2982548714.833606, 3036117233.331029, 3089752511.936507, 3143454633.850260, 3197223682.376178, 3251059740.921982, 3304962892.999340, 3358933222.223983, 3412970812.315869, 3467075747.099287, 3521248110.502982, 3575487986.560296, 3629795459.409317, 3684170613.292969, 3738613532.559180, 3793124301.660988, 3847703005.156684, 3902349727.709933, 3957064554.089934, 4011847569.171499, 4066698857.935249, 4121618505.467684, 4176606596.961359, 4231663217.715002, 4286788453.133634, 4341982388.728720, 4397245110.118303, 4452576703.027103
PayLastFixingPayoff_1F : 5100000000.000000, 5100000000.000000, 5100000000.000000, 5100000000.000000, 5100000000.000000, 5100000000.000000, 5100000000.000000, 5100000000.000000, 5100000000.000000, 5100000000.000000, 5100000000.000000, 5100000000.000000, 5100000000.000000, 5100000000.000000, 5100000000.000000, 5100000000.000000, 5100000000.000000, 5100000000.000000, 5100000000.000000, 5100000000.000000, 5100000000.000000, 5100000000.000000, 5100000000.000000, 5100000000.000000, 5100000000.000000, 5100000000.000000, 5100000000.000000, 5100000000.000000, 5100000000.000000, 5100000000.000000, 5100000000.000000, 5100000000.000000, 5100000000.000000, 5100000000.000000, 5100000000.000000, 5100000000.000000, 5100000000.000000, 5100000000.000000, 5100000000.000000, 5100000000.000000, 5100000000.000000, 5100000000.000000, 5100000000.000000, 5100000000.000000, 5100000000.000000, 5100000000.000000, 5100000000.000000, 5100000000.000000, 5100000000.000000, 5100000000.000000, 5100000000.000000, 5100000000.000000, 5100000000.000000, 5100000000.000000, 5100000000.000000, 5100000000.000000, 5100000000.000000, 5100000000.000000, 5100000000.000000, 5100000000.000000, 5100000000.000000, 5100000000.000000, 5100000000.000000, 5100000000.000000, 5100000000.000000, 5100000000.000000, 5100000000.000000, 5100000000.000000, 5100000000.000000, 5100000000.000000, 5100000000.000000, 5100000000.000000, 5100000000.000000, 5100000000.000000, 5100000000.000000, 5100000000.000000, 5100000000.000000, 5100000000.000000, 5100000000.000000, 5100000000.000000, 5100000000.000000, 5100000000.000000, 5100000000.000000, 5100000000.000000, 5100000000.000000, 5100000000.000000, 5100000000.000000, 5100000000.000000, 5100000000.000000, 5100000000.000000, 5100000000.000000, 5100000000.000000, 5100000000.000000, 5100000000.000000, 5100000000.000000, 5100000000.000000, 5100000000.000000, 5100000000.000000, 5100000000.000000, 5100000000.000000
PayLastFixingPayoff_1F : 1.127488
DF_in_FDMTimeGreed : 20251126.000000, 1.230137, 1.301370, 0.997982
RcvLastFixingPayoff_1F : -0.000000, -0.000000, -0.000000, -0.000000, -0.000000, -0.000000, -0.000000, -0.000000, -0.000000, -0.000000, -0.000000, -0.000000, -0.000000, -0.000000, -0.000000, 36842666.758766, 86740080.293941, 136699678.799188, 186721539.772916, 236805740.810134, 286952359.602529, 337161473.938641, 387433161.703933, 437767500.880940, 488164569.549391, 538624445.886307, 589147208.166150, 639732934.760920, 690381704.140309, 741093594.871782, 791868685.620726, 842707055.150576, 893608782.322902, 944573946.097577, 995602625.532876, 1046694899.785588, 1097850848.111169, 1149070549.863829, 1200354084.496689, 1251701531.561882, 1303112970.710690, 1354588481.693644, 1406128144.360688, 1457732038.661264, 1509400244.644455, 1561132842.459096, 1612929912.353936, 1664791534.677704, 1716717789.879278, 1768708758.507801, 1820764521.212789, 1872885158.744267, 1925070751.952916, 1977321381.790151, 2029637129.308296, 2082018075.660669, 2134464302.101735, 2186975889.987216, 2239552920.774238, 2292195476.021428, 2344903637.389072, 2397677486.639207, 2450517105.635778, 2503422576.344748, 2556393980.834240, 2609431401.274647, 2662534919.938776, 2715704619.201943, 2768940581.542158, 2822242889.540196, 2875611625.879759, 2929046873.347589, 2982548714.833606, 3036117233.331029, 3089752511.936507, 3143454633.850260, 3197223682.376178, 3251059740.921982, 3304962892.999340, 3358933222.223983, 3412970812.315869, 3467075747.099287, 3521248110.502982, 3575487986.560296, 3629795459.409317, 3684170613.292969, 3738613532.559180, 3793124301.660988, 3847703005.156684, 3902349727.709933, 3957064554.089934, 4011847569.171499, 4066698857.935249, 4121618505.467684, 4176606596.961359, 4231663217.715002, 4286788453.133634, 4341982388.728720, 4397245110.118303, 4452576703.027103
PayLastFixingPayoff_1F : 5100000000.000000, 5100000000.000000, 5100000000.000000, 5100000000.000000, 5100000000.000000, 5100000000.000000, 5100000000.000000, 5100000000.000000, 5100000000.000000, 5100000000.000000, 5100000000.000000, 5100000000.000000, 5100000000.000000, 5100000000.000000, 5100000000.000000, 5100000000.000000, 5100000000.000000, 5100000000.000000, 5100000000.000000, 5100000000.000000, 5100000000.000000, 5100000000.000000, 5100000000.000000, 5100000000.000000, 5100000000.000000, 5100000000.000000, 5100000000.000000, 5100000000.000000, 5100000000.000000, 5100000000.000000, 5100000000.000000, 5100000000.000000, 5100000000.000000, 5100000000.000000, 5100000000.000000, 5100000000.000000, 5100000000.000000, 5100000000.000000, 5100000000.000000, 5100000000.000000, 5100000000.000000, 5100000000.000000, 5100000000.000000, 5100000000.000000, 5100000000.000000, 5100000000.000000, 5100000000.000000, 5100000000.000000, 5100000000.000000, 5100000000.000000, 5100000000.000000, 5100000000.000000, 5100000000.000000, 5100000000.000000, 5100000000.000000, 5100000000.000000, 5100000000.000000, 5100000000.000000, 5100000000.000000, 5100000000.000000, 5100000000.000000, 5100000000.000000, 5100000000.000000, 5100000000.000000, 5100000000.000000, 5100000000.000000, 5100000000.000000, 5100000000.000000, 5100000000.000000, 5100000000.000000, 5100000000.000000, 5100000000.000000, 5100000000.000000, 5100000000.000000, 5100000000.000000, 5100000000.000000, 5100000000.000000, 5100000000.000000, 5100000000.000000, 5100000000.000000, 5100000000.000000, 5100000000.000000, 5100000000.000000, 5100000000.000000, 5100000000.000000, 5100000000.000000, 5100000000.000000, 5100000000.000000, 5100000000.000000, 5100000000.000000, 5100000000.000000, 5100000000.000000, 5100000000.000000, 5100000000.000000, 5100000000.000000, 5100000000.000000, 5100000000.000000, 5100000000.000000, 5100000000.000000, 5100000000.000000
PayLastFixingPayoff_1F : 1.127488
DF_in_FDMTimeGreed : 20250922.000000, 1.052055, 1.230137, 0.994860
DF_in_FDMTimeGreed : 20250620.000000, 0.794521, 1.052055, 0.992603
DF_in_FDMTimeGreed : 20250320.000000, 0.542466, 0.794521, 0.992328
DF_in_FDMTimeGreed : 20241220.000000, 0.295890, 0.542466, 0.991996
RcvLastFixingPayoff_1F : -0.000000, -0.000000, -0.000000, -0.000000, -0.000000, -0.000000, -0.000000, -0.000000, -0.000000, -0.000000, -0.000000, -0.000000, -0.000000, -0.000000, 46382094.531602, 96291396.639522, 146262898.533716, 196296677.731070, 246392811.845074, 296551378.585936, 346772455.760721, 397056121.273444, 447402453.125236, 497811529.414408, 548283428.336622, 598818228.184985, 649416007.350183, 700076844.320584, 750800817.682382, 801588006.119708, 852438488.414756, 903352343.447893, 954329650.197809, 1005370487.741599, 1056474935.254936, 1107643072.012131, 1158874977.386324, 1210170730.849557, 1261530411.972924, 1312954100.426669, 1364441875.980343, 1415993818.502903, 1467610007.962839, 1519290524.428310, 1571035448.067260, 1622844859.147532, 1674718838.037023, 1726657465.203768, 1778660821.216096, 1830728986.742748, 1882862042.552995, 1935060069.516762, 1987323148.604763, 2039651360.888631, 2092044787.541020, 2144503509.835759, 2197027609.147956, 2249617166.954128, 2302272264.832355, 2354992984.462361, 2407779407.625677, 2460631616.205747, 2513549692.188074, 2566533717.660319, 2619583774.812457, 2672699945.936895, 2725882313.428593, 2779130959.785188, 2832445967.607151, 2885827419.597871, 2939275398.563818, 2992789987.414664, 3046371269.163409, 3100019326.926488, 3153734243.923943, 3207516103.479518, 3261364989.020812, 3315280984.079379, 3369264172.290884, 3423314637.395229, 3477432463.236661, 3531617733.763936, 3585870533.030430, 3640190945.194245, 3694579054.518406, 3749034945.370920, 3803558702.224957, 3858150409.658944, 3912810152.356738, 3967538015.107707, 4022334082.806918, 4077198440.455204, 4132131173.159367, 4187132366.132242, 4242202104.692894, 4297340474.266683, 4352547560.385452, 4407823448.687631, 4463168224.918392, 4518581974.929744
PayLastFixingPayoff_1F : 4208000000.000000, 4208000000.000000, 4208000000.000000, 4208000000.000000, 4208000000.000000, 4208000000.000000, 4208000000.000000, 4208000000.000000, 4208000000.000000, 4208000000.000000, 4208000000.000000, 4208000000.000000, 4208000000.000000, 4208000000.000000, 4208000000.000000, 4208000000.000000, 4208000000.000000, 4208000000.000000, 4208000000.000000, 4208000000.000000, 4208000000.000000, 4208000000.000000, 4208000000.000000, 4208000000.000000, 4208000000.000000, 4208000000.000000, 4208000000.000000, 4208000000.000000, 4208000000.000000, 4208000000.000000, 4208000000.000000, 4208000000.000000, 4208000000.000000, 4208000000.000000, 4208000000.000000, 4208000000.000000, 4208000000.000000, 4208000000.000000, 4208000000.000000, 4208000000.000000, 4208000000.000000, 4208000000.000000, 4208000000.000000, 4208000000.000000, 4208000000.000000, 4208000000.000000, 4208000000.000000, 4208000000.000000, 4208000000.000000, 4208000000.000000, 4208000000.000000, 4208000000.000000, 4208000000.000000, 4208000000.000000, 4208000000.000000, 4208000000.000000, 4208000000.000000, 4208000000.000000, 4208000000.000000, 4208000000.000000, 4208000000.000000, 4208000000.000000, 4208000000.000000, 4208000000.000000, 4208000000.000000, 4208000000.000000, 4208000000.000000, 4208000000.000000, 4208000000.000000, 4208000000.000000, 4208000000.000000, 4208000000.000000, 4208000000.000000, 4208000000.000000, 4208000000.000000, 4208000000.000000, 4208000000.000000, 4208000000.000000, 4208000000.000000, 4208000000.000000, 4208000000.000000, 4208000000.000000, 4208000000.000000, 4208000000.000000, 4208000000.000000, 4208000000.000000, 4208000000.000000, 4208000000.000000, 4208000000.000000, 4208000000.000000, 4208000000.000000, 4208000000.000000, 4208000000.000000, 4208000000.000000, 4208000000.000000, 4208000000.000000, 4208000000.000000, 4208000000.000000, 4208000000.000000, 4208000000.000000
PayLastFixingPayoff_1F : 1.105164
DF_in_FDMTimeGreed : 20241126.000000, 0.230137, 0.295890, 0.997759
RcvLastFixingPayoff_1F : -0.000000, -0.000000, -0.000000, -0.000000, -0.000000, -0.000000, -0.000000, -0.000000, -0.000000, -0.000000, -0.000000, -0.000000, -0.000000, -0.000000, 46382094.531602, 96291396.639522, 146262898.533716, 196296677.731070, 246392811.845074, 296551378.585936, 346772455.760721, 397056121.273444, 447402453.125236, 497811529.414408, 548283428.336622, 598818228.184985, 649416007.350183, 700076844.320584, 750800817.682382, 801588006.119708, 852438488.414756, 903352343.447893, 954329650.197809, 1005370487.741599, 1056474935.254936, 1107643072.012131, 1158874977.386324, 1210170730.849557, 1261530411.972924, 1312954100.426669, 1364441875.980343, 1415993818.502903, 1467610007.962839, 1519290524.428310, 1571035448.067260, 1622844859.147532, 1674718838.037023, 1726657465.203768, 1778660821.216096, 1830728986.742748, 1882862042.552995, 1935060069.516762, 1987323148.604763, 2039651360.888631, 2092044787.541020, 2144503509.835759, 2197027609.147956, 2249617166.954128, 2302272264.832355, 2354992984.462361, 2407779407.625677, 2460631616.205747, 2513549692.188074, 2566533717.660319, 2619583774.812457, 2672699945.936895, 2725882313.428593, 2779130959.785188, 2832445967.607151, 2885827419.597871, 2939275398.563818, 2992789987.414664, 3046371269.163409, 3100019326.926488, 3153734243.923943, 3207516103.479518, 3261364989.020812, 3315280984.079379, 3369264172.290884, 3423314637.395229, 3477432463.236661, 3531617733.763936, 3585870533.030430, 3640190945.194245, 3694579054.518406, 3749034945.370920, 3803558702.224957, 3858150409.658944, 3912810152.356738, 3967538015.107707, 4022334082.806918, 4077198440.455204, 4132131173.159367, 4187132366.132242, 4242202104.692894, 4297340474.266683, 4352547560.385452, 4407823448.687631, 4463168224.918392, 4518581974.929744
PayLastFixingPayoff_1F : 4208000000.000000, 4208000000.000000, 4208000000.000000, 4208000000.000000, 4208000000.000000, 4208000000.000000, 4208000000.000000, 4208000000.000000, 4208000000.000000, 4208000000.000000, 4208000000.000000, 4208000000.000000, 4208000000.000000, 4208000000.000000, 4208000000.000000, 4208000000.000000, 4208000000.000000, 4208000000.000000, 4208000000.000000, 4208000000.000000, 4208000000.000000, 4208000000.000000, 4208000000.000000, 4208000000.000000, 4208000000.000000, 4208000000.000000, 4208000000.000000, 4208000000.000000, 4208000000.000000, 4208000000.000000, 4208000000.000000, 4208000000.000000, 4208000000.000000, 4208000000.000000, 4208000000.000000, 4208000000.000000, 4208000000.000000, 4208000000.000000, 4208000000.000000, 4208000000.000000, 4208000000.000000, 4208000000.000000, 4208000000.000000, 4208000000.000000, 4208000000.000000, 4208000000.000000, 4208000000.000000, 4208000000.000000, 4208000000.000000, 4208000000.000000, 4208000000.000000, 4208000000.000000, 4208000000.000000, 4208000000.000000, 4208000000.000000, 4208000000.000000, 4208000000.000000, 4208000000.000000, 4208000000.000000, 4208000000.000000, 4208000000.000000, 4208000000.000000, 4208000000.000000, 4208000000.000000, 4208000000.000000, 4208000000.000000, 4208000000.000000, 4208000000.000000, 4208000000.000000, 4208000000.000000, 4208000000.000000, 4208000000.000000, 4208000000.000000, 4208000000.000000, 4208000000.000000, 4208000000.000000, 4208000000.000000, 4208000000.000000, 4208000000.000000, 4208000000.000000, 4208000000.000000, 4208000000.000000, 4208000000.000000, 4208000000.000000, 4208000000.000000, 4208000000.000000, 4208000000.000000, 4208000000.000000, 4208000000.000000, 4208000000.000000, 4208000000.000000, 4208000000.000000, 4208000000.000000, 4208000000.000000, 4208000000.000000, 4208000000.000000, 4208000000.000000, 4208000000.000000, 4208000000.000000, 4208000000.000000
PayLastFixingPayoff_1F : 1.105164
DF_in_FDMTimeGreed : 20240920.000000, 0.046575, 0.230137, 0.993607
DF_in_FDMTimeGreed : 20240903.000000, 0.000000, 0.046575, 0.998369
