PriceDate : 20240903
EffectiveDate : 20191220
Maturity : 20341220
NAFlag : 0
NA : 10000.000000
NAdditionalHolidays : 1, 1
AdditionalHolidays : 20240101, 20241225
NationFlag : 0, 0
NumCpnAnn : 4, 4
MaxLossRetRcvPay : 1.000000, 1.000000, 1.000000, 1.000000
MultipleRatefixPayoffRcvPay : 1.000000, 0.000000, 1.000000, 1.000000
DayCountRcvPay : 0, 0
PowerSpreadFlagRcvPay : 0, 0
RangeMaxMinRcvPay : 1.000000, -1.000000, 0.800000, -0.800000
InfoRefRateRcvPay : 4.000000, 5.000000, 10.000000, 5.000000, 4.000000, 10.000000, 10.000000, 5.000000
RcvLegFixedRate : 0.000000
RcvLegRangeCoupon : 0.035000
RcvLegStructuredFlag : 1
PayLegFixedRate : 0.000000
PayLegRangeCoupon : 0.000000
PayLegStructuredFlag : 1
Phase2UseFlag : 0
Phase2Date : 20201220
Phase2RcvLegFixedRate : 0.000000
Phase2RcvLegRangeCoupon : 0.035000
Phase2RcvLegStructuredFlag : 1
Phase2PayLegFixedRate : 0.000000
Phase2PayLegRangeCoupon : 0.000000
Phase2PayLegStructuredFlag : 1
NumCpnAnnPhase2RcvPay : 4, 4
NOption : 13
OptionDate : 20211124, 20221124, 20231124, 20241126, 20251126, 20261125, 20271124, 20281124, 20291126, 20301126, 20311126, 20321124, 20331124
OptionDate : 20211220, 20221220, 20231220, 20241220, 20251222, 20261221, 20271220, 20281220, 20291220, 20301220, 20311222, 20321220, 20331220
OptionType : 0
NRcvRateHistory : 21
RcvRateHistoryDate : 20240620, 20240621, 20240622, 20240623, 20240624, 20240625, 20240626, 20240627, 20240628, 20240629, 20240630, 20240701, 20240702, 20240703, 20240704, 20240705, 20240706, 20240707, 20240708, 20240709, 20240710
RcvRateHistoryDate : 0.037000, 0.037000, 0.037000, 0.036000, 0.036000, 0.036000, 0.036000, 0.036000, 0.036000, 0.036000, 0.036000, 0.036000, 0.036000, 0.036000, 0.036000, 0.036000, 0.036000, 0.036000, 0.036000, 0.036000, 0.036000
NPayRateHistory : 4
PayRateHistoryDate : 20240101, 20220727, 20220911, 20240620
PayRateHistoryDate : 0.035000, 0.030000, 0.030000, 0.036000
NZeroRate : 21
ZeroTerm : 0.002740, 0.005479, 0.252055, 0.498630, 0.750685, 1.002740, 1.498630, 2.002740, 3.008219, 4.005479, 5.005479, 6.005479, 7.005479, 8.013699, 9.010959, 10.008219, 12.010959, 15.013699, 20.019178, 25.024658, 30.021918
ZeroRate : 0.035068, 0.035068, 0.034949, 0.033959, 0.032936, 0.031911, 0.030758, 0.030029, 0.029299, 0.028999, 0.028929, 0.028882, 0.028969, 0.029082, 0.029111, 0.029254, 0.029455, 0.029357, 0.028538, 0.027635, 0.025067
NZeroDiscRate : 21
ZeroDiscTerm : 0.002740, 0.005479, 0.252055, 0.498630, 0.750685, 1.002740, 1.498630, 2.002740, 3.008219, 4.005479, 5.005479, 6.005479, 7.005479, 8.013699, 9.010959, 10.008219, 12.010959, 15.013699, 20.019178, 25.024658, 30.021918
ZeroDiscRate : 0.035068, 0.035068, 0.034949, 0.033959, 0.032936, 0.031911, 0.030758, 0.030029, 0.029299, 0.028999, 0.028929, 0.028882, 0.028969, 0.029082, 0.029111, 0.029254, 0.029455, 0.029357, 0.028538, 0.027635, 0.025067
HW2FFlag : 0
NHWVol : 12
HWVolTerm : 0.002740, 0.084932, 0.249315, 0.498630, 1.000000, 2.000000, 3.000000, 4.008219, 5.000000, 7.000000, 9.227397, 39.227397
HWVol : 0.007182, 0.007182, 0.006668, 0.006625, 0.006302, 0.005670, 0.005591, 0.004940, 0.005055, 0.005168, 0.005051, 0.005051, 0.000000, 0.000000, 0.000000, 0.000000, 0.000000, 0.000000, 0.000000, 0.000000, 0.000000, 0.000000, 0.000000, 0.000000
kappa : 0.007100, 0.011919
FactorCorrelation : -0.877126
InterestRateRoundingRcvPay : 0, 0
DF_in_FDMTimeGreed : 20341220.000000, 10.301370, 10.301370, 1.000000
DF_in_FDMTimeGreed : 20340920.000000, 10.052055, 10.301370, 0.992476
DF_in_FDMTimeGreed : 20340620.000000, 9.800000, 10.052055, 0.992319
DF_in_FDMTimeGreed : 20340320.000000, 9.547945, 9.800000, 0.992318
DF_in_FDMTimeGreed : 20331220.000000, 9.301370, 9.547945, 0.992502
RcvLastFixingPayoff_1F : 87.260274, 87.260274, 87.260274, 87.260274, 87.260274, 87.260274, 87.260274, 87.260274, 87.260274, 87.260274, 87.260274, 87.260274, 87.260274, 87.260274, 87.260274, 87.260274, 87.260274, 87.260274, 87.260274, 87.260274, 87.260274, 87.260274, 87.260274, 87.260274, 87.260274, 87.260274, 87.260274, 87.260274, 87.260274, 87.260274, 87.260274, 87.260274, 87.260274, 87.260274, 87.260274, 87.260274, 87.260274, 87.260274, 87.260274, 87.260274, 87.260274, 87.260274, 87.260274, 87.260274, 87.260274, 87.260274, 87.260274, 87.260274, 87.260274, 87.260274, 87.260274, 87.260274, 87.260274, 87.260274, 87.260274, 87.260274, 87.260274, 87.260274, 87.260274, 87.260274, 87.260274, 87.260274, 87.260274, 87.260274, 87.260274, 87.260274, 87.260274, 87.260274, 87.260274, 87.260274, 87.260274, 87.260274, 87.260274, 87.260274, 87.260274, 87.260274, 87.260274, 87.260274, 87.260274, 87.260274, 87.260274, 87.260274, 87.260274, 87.260274, 87.260274, 87.260274, 87.260274, 87.260274, 87.260274, 87.260274, 87.260274, 87.260274, 87.260274, 87.260274, 87.260274, 87.260274, 87.260274, 87.260274, 87.260274, 87.260274
PayLastFixingPayoff_1F : -169.684516, -157.888412, -146.071526, -134.233788, -122.375132, -110.495495, -98.594814, -86.673033, -74.730096, -62.765950, -50.780547, -38.773840, -26.745785, -14.696343, -2.625476, 9.466850, 21.580666, 33.715999, 45.872874, 58.051312, 70.251333, 82.472950, 94.716177, 106.981022, 119.267492, 131.575589, 143.905314, 156.256663, 168.629630, 181.024208, 193.440385, 205.878146, 218.337475, 230.818352, 243.320756, 255.844662, 268.390043, 280.956871, 293.545114, 306.154739, 318.785711, 331.437992, 344.111544, 356.806324, 369.522292, 382.259402, 395.017609, 407.796867, 420.597126, 433.418337, 446.260450, 459.123414, 472.007175, 484.911681, 497.836877, 510.782710, 523.749123, 536.736061, 549.743468, 562.771288, 575.819465, 588.887941, 601.976661, 615.085568, 628.214605, 641.363716, 654.532845, 667.721936, 680.930934, 694.159785, 707.408433, 720.676825, 733.964907, 747.272628, 760.599935, 773.946777, 787.313105, 800.698867, 814.104017, 827.528506, 840.972287, 854.435315, 867.917545, 881.418933, 894.939437, 908.479014, 922.037625, 935.615229, 949.211788, 962.827265, 976.461625, 990.114831, 1003.786850, 1017.477649, 1031.187197, 1044.915463, 1058.662418, 1072.428034, 1086.212283, 1100.015141
DF_in_FDMTimeGreed : 20331124.000000, 9.230137, 9.301370, 0.997831
RcvLastFixingPayoff_1F : 87.260274, 87.260274, 87.260274, 87.260274, 87.260274, 87.260274, 87.260274, 87.260274, 87.260274, 87.260274, 87.260274, 87.260274, 87.260274, 87.260274, 87.260274, 87.260274, 87.260274, 87.260274, 87.260274, 87.260274, 87.260274, 87.260274, 87.260274, 87.260274, 87.260274, 87.260274, 87.260274, 87.260274, 87.260274, 87.260274, 87.260274, 87.260274, 87.260274, 87.260274, 87.260274, 87.260274, 87.260274, 87.260274, 87.260274, 87.260274, 87.260274, 87.260274, 87.260274, 87.260274, 87.260274, 87.260274, 87.260274, 87.260274, 87.260274, 87.260274, 87.260274, 87.260274, 87.260274, 87.260274, 87.260274, 87.260274, 87.260274, 87.260274, 87.260274, 87.260274, 87.260274, 87.260274, 87.260274, 87.260274, 87.260274, 87.260274, 87.260274, 87.260274, 87.260274, 87.260274, 87.260274, 87.260274, 87.260274, 87.260274, 87.260274, 87.260274, 87.260274, 87.260274, 87.260274, 87.260274, 87.260274, 87.260274, 87.260274, 87.260274, 87.260274, 87.260274, 87.260274, 87.260274, 87.260274, 87.260274, 87.260274, 87.260274, 87.260274, 87.260274, 87.260274, 87.260274, 87.260274, 87.260274, 87.260274, 87.260274
PayLastFixingPayoff_1F : -169.684516, -157.888412, -146.071526, -134.233788, -122.375132, -110.495495, -98.594814, -86.673033, -74.730096, -62.765950, -50.780547, -38.773840, -26.745785, -14.696343, -2.625476, 9.466850, 21.580666, 33.715999, 45.872874, 58.051312, 70.251333, 82.472950, 94.716177, 106.981022, 119.267492, 131.575589, 143.905314, 156.256663, 168.629630, 181.024208, 193.440385, 205.878146, 218.337475, 230.818352, 243.320756, 255.844662, 268.390043, 280.956871, 293.545114, 306.154739, 318.785711, 331.437992, 344.111544, 356.806324, 369.522292, 382.259402, 395.017609, 407.796867, 420.597126, 433.418337, 446.260450, 459.123414, 472.007175, 484.911681, 497.836877, 510.782710, 523.749123, 536.736061, 549.743468, 562.771288, 575.819465, 588.887941, 601.976661, 615.085568, 628.214605, 641.363716, 654.532845, 667.721936, 680.930934, 694.159785, 707.408433, 720.676825, 733.964907, 747.272628, 760.599935, 773.946777, 787.313105, 800.698867, 814.104017, 827.528506, 840.972287, 854.435315, 867.917545, 881.418933, 894.939437, 908.479014, 922.037625, 935.615229, 949.211788, 962.827265, 976.461625, 990.114831, 1003.786850, 1017.477649, 1031.187197, 1044.915463, 1058.662418, 1072.428034, 1086.212283, 1100.015141
DF_in_FDMTimeGreed : 20330920.000000, 9.052055, 9.230137, 0.994594
DF_in_FDMTimeGreed : 20330620.000000, 8.800000, 9.052055, 0.992583
DF_in_FDMTimeGreed : 20330321.000000, 8.550685, 8.800000, 0.992708
DF_in_FDMTimeGreed : 20321220.000000, 8.301370, 8.550685, 0.992712
RcvLastFixingPayoff_1F : 85.342466, 85.342466, 85.342466, 85.342466, 85.342466, 85.342466, 85.342466, 85.342466, 85.342466, 85.342466, 85.342466, 85.342466, 85.342466, 85.342466, 85.342466, 85.342466, 85.342466, 85.342466, 85.342466, 85.342466, 85.342466, 85.342466, 85.342466, 85.342466, 85.342466, 85.342466, 85.342466, 85.342466, 85.342466, 85.342466, 85.342466, 85.342466, 85.342466, 85.342466, 85.342466, 85.342466, 85.342466, 85.342466, 85.342466, 85.342466, 85.342466, 85.342466, 85.342466, 85.342466, 85.342466, 85.342466, 85.342466, 85.342466, 85.342466, 85.342466, 85.342466, 85.342466, 85.342466, 85.342466, 85.342466, 85.342466, 85.342466, 85.342466, 85.342466, 85.342466, 85.342466, 85.342466, 85.342466, 85.342466, 85.342466, 85.342466, 85.342466, 85.342466, 85.342466, 85.342466, 85.342466, 85.342466, 85.342466, 85.342466, 85.342466, 85.342466, 85.342466, 85.342466, 85.342466, 85.342466, 85.342466, 85.342466, 85.342466, 85.342466, 85.342466, 85.342466, 85.342466, 85.342466, 85.342466, 85.342466, 85.342466, 85.342466, 85.342466, 85.342466, 85.342466, 85.342466, 85.342466, 85.342466, 85.342466, 85.342466
PayLastFixingPayoff_1F : -164.955935, -153.425605, -141.875173, -130.304571, -118.713734, -107.102600, -95.471110, -83.819206, -72.146835, -60.453943, -48.740483, -37.006409, -25.251677, -13.476247, -1.680082, 10.136854, 21.974590, 33.833157, 45.712579, 57.612880, 69.534079, 81.476192, 93.439234, 105.423217, 117.428147, 129.454030, 141.500869, 153.568663, 165.657409, 177.767103, 189.897734, 202.049293, 214.221766, 226.415137, 238.629388, 250.864499, 263.120446, 275.397204, 287.694747, 300.013045, 312.352068, 324.711782, 337.092153, 349.493145, 361.914719, 374.356837, 386.819457, 399.302537, 411.806034, 424.329903, 436.874099, 449.438575, 462.023284, 474.628177, 487.253205, 499.898320, 512.563470, 525.248605, 537.953675, 550.678627, 563.423411, 576.187975, 588.972267, 601.776235, 614.599829, 627.442996, 640.305684, 653.187844, 666.089425, 679.010376, 691.950647, 704.910189, 717.888953, 730.886891, 743.903955, 756.940099, 769.995276, 783.069442, 796.162550, 809.274557, 822.405421, 835.555100, 848.723551, 861.910736, 875.116614, 888.341148, 901.584299, 914.846032, 928.126312, 941.425103, 954.742374, 968.078091, 981.432224, 994.804742, 1008.195617, 1021.604820, 1035.032325, 1048.478105, 1061.942137, 1075.424395
DF_in_FDMTimeGreed : 20321124.000000, 8.230137, 8.301370, 0.997913
RcvLastFixingPayoff_1F : 85.342466, 85.342466, 85.342466, 85.342466, 85.342466, 85.342466, 85.342466, 85.342466, 85.342466, 85.342466, 85.342466, 85.342466, 85.342466, 85.342466, 85.342466, 85.342466, 85.342466, 85.342466, 85.342466, 85.342466, 85.342466, 85.342466, 85.342466, 85.342466, 85.342466, 85.342466, 85.342466, 85.342466, 85.342466, 85.342466, 85.342466, 85.342466, 85.342466, 85.342466, 85.342466, 85.342466, 85.342466, 85.342466, 85.342466, 85.342466, 85.342466, 85.342466, 85.342466, 85.342466, 85.342466, 85.342466, 85.342466, 85.342466, 85.342466, 85.342466, 85.342466, 85.342466, 85.342466, 85.342466, 85.342466, 85.342466, 85.342466, 85.342466, 85.342466, 85.342466, 85.342466, 85.342466, 85.342466, 85.342466, 85.342466, 85.342466, 85.342466, 85.342466, 85.342466, 85.342466, 85.342466, 85.342466, 85.342466, 85.342466, 85.342466, 85.342466, 85.342466, 85.342466, 85.342466, 85.342466, 85.342466, 85.342466, 85.342466, 85.342466, 85.342466, 85.342466, 85.342466, 85.342466, 85.342466, 85.342466, 85.342466, 85.342466, 85.342466, 85.342466, 85.342466, 85.342466, 85.342466, 85.342466, 85.342466, 85.342466
PayLastFixingPayoff_1F : -164.955935, -153.425605, -141.875173, -130.304571, -118.713734, -107.102600, -95.471110, -83.819206, -72.146835, -60.453943, -48.740483, -37.006409, -25.251677, -13.476247, -1.680082, 10.136854, 21.974590, 33.833157, 45.712579, 57.612880, 69.534079, 81.476192, 93.439234, 105.423217, 117.428147, 129.454030, 141.500869, 153.568663, 165.657409, 177.767103, 189.897734, 202.049293, 214.221766, 226.415137, 238.629388, 250.864499, 263.120446, 275.397204, 287.694747, 300.013045, 312.352068, 324.711782, 337.092153, 349.493145, 361.914719, 374.356837, 386.819457, 399.302537, 411.806034, 424.329903, 436.874099, 449.438575, 462.023284, 474.628177, 487.253205, 499.898320, 512.563470, 525.248605, 537.953675, 550.678627, 563.423411, 576.187975, 588.972267, 601.776235, 614.599829, 627.442996, 640.305684, 653.187844, 666.089425, 679.010376, 691.950647, 704.910189, 717.888953, 730.886891, 743.903955, 756.940099, 769.995276, 783.069442, 796.162550, 809.274557, 822.405421, 835.555100, 848.723551, 861.910736, 875.116614, 888.341148, 901.584299, 914.846032, 928.126312, 941.425103, 954.742374, 968.078091, 981.432224, 994.804742, 1008.195617, 1021.604820, 1035.032325, 1048.478105, 1061.942137, 1075.424395
DF_in_FDMTimeGreed : 20320922.000000, 8.057534, 8.230137, 0.994952
DF_in_FDMTimeGreed : 20320621.000000, 7.802740, 8.057534, 0.992424
DF_in_FDMTimeGreed : 20320322.000000, 7.553425, 7.802740, 0.992572
DF_in_FDMTimeGreed : 20311222.000000, 7.304110, 7.553425, 0.992586
RcvLastFixingPayoff_1F : 87.260274, 87.260274, 87.260274, 87.260274, 87.260274, 87.260274, 87.260274, 87.260274, 87.260274, 87.260274, 87.260274, 87.260274, 87.260274, 87.260274, 87.260274, 87.260274, 87.260274, 87.260274, 87.260274, 87.260274, 87.260274, 87.260274, 87.260274, 87.260274, 87.260274, 87.260274, 87.260274, 87.260274, 87.260274, 87.260274, 87.260274, 87.260274, 87.260274, 87.260274, 87.260274, 87.260274, 87.260274, 87.260274, 87.260274, 87.260274, 87.260274, 87.260274, 87.260274, 87.260274, 87.260274, 87.260274, 87.260274, 87.260274, 87.260274, 87.260274, 87.260274, 87.260274, 87.260274, 87.260274, 87.260274, 87.260274, 87.260274, 87.260274, 87.260274, 87.260274, 87.260274, 87.260274, 87.260274, 87.260274, 87.260274, 87.260274, 87.260274, 87.260274, 87.260274, 87.260274, 87.260274, 87.260274, 87.260274, 87.260274, 87.260274, 87.260274, 87.260274, 87.260274, 87.260274, 87.260274, 87.260274, 87.260274, 87.260274, 87.260274, 87.260274, 87.260274, 87.260274, 87.260274, 87.260274, 87.260274, 87.260274, 87.260274, 87.260274, 87.260274, 87.260274, 87.260274, 87.260274, 87.260274, 87.260274, 87.260274
PayLastFixingPayoff_1F : -167.599160, -155.818142, -144.016682, -132.194709, -120.352155, -108.488953, -96.605042, -84.700358, -72.774846, -60.828448, -48.861112, -36.872789, -24.863431, -12.832993, -0.781435, 11.291282, 23.385194, 35.500334, 47.636731, 59.794412, 71.973401, 84.173720, 96.395385, 108.638412, 120.902814, 133.188600, 145.495776, 157.824347, 170.174313, 182.545673, 194.938422, 207.352553, 219.788057, 232.244923, 244.723135, 257.222676, 269.743529, 282.285671, 294.849079, 307.433727, 320.039589, 332.666634, 345.314832, 357.984149, 370.674550, 383.386001, 396.118461, 408.871894, 421.646258, 434.441511, 447.257611, 460.094513, 472.952174, 485.830547, 498.729586, 511.649243, 524.589471, 537.550222, 550.531446, 563.533095, 576.555118, 589.597467, 602.660091, 615.742941, 628.845966, 641.969116, 655.112343, 668.275595, 681.458825, 694.661982, 707.885019, 721.127886, 734.390537, 747.672925, 760.975001, 774.296721, 787.638039, 800.998910, 814.379290, 827.779137, 841.198407, 854.637060, 868.095054, 881.572349, 895.068908, 908.584690, 922.119661, 935.673783, 949.247021, 962.839342, 976.450712, 990.081098, 1003.730471, 1017.398799, 1031.086054, 1044.792207, 1058.517232, 1072.261103, 1086.023794, 1099.805282
DF_in_FDMTimeGreed : 20311126.000000, 7.232877, 7.304110, 0.997879
RcvLastFixingPayoff_1F : 87.260274, 87.260274, 87.260274, 87.260274, 87.260274, 87.260274, 87.260274, 87.260274, 87.260274, 87.260274, 87.260274, 87.260274, 87.260274, 87.260274, 87.260274, 87.260274, 87.260274, 87.260274, 87.260274, 87.260274, 87.260274, 87.260274, 87.260274, 87.260274, 87.260274, 87.260274, 87.260274, 87.260274, 87.260274, 87.260274, 87.260274, 87.260274, 87.260274, 87.260274, 87.260274, 87.260274, 87.260274, 87.260274, 87.260274, 87.260274, 87.260274, 87.260274, 87.260274, 87.260274, 87.260274, 87.260274, 87.260274, 87.260274, 87.260274, 87.260274, 87.260274, 87.260274, 87.260274, 87.260274, 87.260274, 87.260274, 87.260274, 87.260274, 87.260274, 87.260274, 87.260274, 87.260274, 87.260274, 87.260274, 87.260274, 87.260274, 87.260274, 87.260274, 87.260274, 87.260274, 87.260274, 87.260274, 87.260274, 87.260274, 87.260274, 87.260274, 87.260274, 87.260274, 87.260274, 87.260274, 87.260274, 87.260274, 87.260274, 87.260274, 87.260274, 87.260274, 87.260274, 87.260274, 87.260274, 87.260274, 87.260274, 87.260274, 87.260274, 87.260274, 87.260274, 87.260274, 87.260274, 87.260274, 87.260274, 87.260274
PayLastFixingPayoff_1F : -167.599160, -155.818142, -144.016682, -132.194709, -120.352155, -108.488953, -96.605042, -84.700358, -72.774846, -60.828448, -48.861112, -36.872789, -24.863431, -12.832993, -0.781435, 11.291282, 23.385194, 35.500334, 47.636731, 59.794412, 71.973401, 84.173720, 96.395385, 108.638412, 120.902814, 133.188600, 145.495776, 157.824347, 170.174313, 182.545673, 194.938422, 207.352553, 219.788057, 232.244923, 244.723135, 257.222676, 269.743529, 282.285671, 294.849079, 307.433727, 320.039589, 332.666634, 345.314832, 357.984149, 370.674550, 383.386001, 396.118461, 408.871894, 421.646258, 434.441511, 447.257611, 460.094513, 472.952174, 485.830547, 498.729586, 511.649243, 524.589471, 537.550222, 550.531446, 563.533095, 576.555118, 589.597467, 602.660091, 615.742941, 628.845966, 641.969116, 655.112343, 668.275595, 681.458825, 694.661982, 707.885019, 721.127886, 734.390537, 747.672925, 760.975001, 774.296721, 787.638039, 800.998910, 814.379290, 827.779137, 841.198407, 854.637060, 868.095054, 881.572349, 895.068908, 908.584690, 922.119661, 935.673783, 949.247021, 962.839342, 976.450712, 990.081098, 1003.730471, 1017.398799, 1031.086054, 1044.792207, 1058.517232, 1072.261103, 1086.023794, 1099.805282
DF_in_FDMTimeGreed : 20310922.000000, 7.054795, 7.232877, 0.994710
DF_in_FDMTimeGreed : 20310620.000000, 6.797260, 7.054795, 0.992406
DF_in_FDMTimeGreed : 20310320.000000, 6.545205, 6.797260, 0.992587
DF_in_FDMTimeGreed : 20301220.000000, 6.298630, 6.545205, 0.992758
RcvLastFixingPayoff_1F : 87.260274, 87.260274, 87.260274, 87.260274, 87.260274, 87.260274, 87.260274, 87.260274, 87.260274, 87.260274, 87.260274, 87.260274, 87.260274, 87.260274, 87.260274, 87.260274, 87.260274, 87.260274, 87.260274, 87.260274, 87.260274, 87.260274, 87.260274, 87.260274, 87.260274, 87.260274, 87.260274, 87.260274, 87.260274, 87.260274, 87.260274, 87.260274, 87.260274, 87.260274, 87.260274, 87.260274, 87.260274, 87.260274, 87.260274, 87.260274, 87.260274, 87.260274, 87.260274, 87.260274, 87.260274, 87.260274, 87.260274, 87.260274, 87.260274, 87.260274, 87.260274, 87.260274, 87.260274, 87.260274, 87.260274, 87.260274, 87.260274, 87.260274, 87.260274, 87.260274, 87.260274, 87.260274, 87.260274, 87.260274, 87.260274, 87.260274, 87.260274, 87.260274, 87.260274, 87.260274, 87.260274, 87.260274, 87.260274, 87.260274, 87.260274, 87.260274, 87.260274, 87.260274, 87.260274, 87.260274, 87.260274, 87.260274, 87.260274, 87.260274, 87.260274, 87.260274, 87.260274, 87.260274, 87.260274, 87.260274, 87.260274, 87.260274, 87.260274, 87.260274, 87.260274, 87.260274, 87.260274, 87.260274, 87.260274, 87.260274
PayLastFixingPayoff_1F : -166.633517, -154.865456, -143.077058, -131.268246, -119.438950, -107.589099, -95.718626, -83.827465, -71.915555, -59.982835, -48.029250, -36.054743, -24.059264, -12.042763, -0.005196, 12.053482, 24.133311, 36.234327, 48.356566, 60.500058, 72.664832, 84.850915, 97.058328, 109.287091, 121.537222, 133.808735, 146.101639, 158.415945, 170.751657, 183.108779, 195.487310, 207.887249, 220.308589, 232.751323, 245.215442, 257.700933, 270.207780, 282.735966, 295.285473, 307.856278, 320.448358, 333.061687, 345.696238, 358.351981, 371.028885, 383.726917, 396.446043, 409.186227, 421.947432, 434.729618, 447.532746, 460.356776, 473.201664, 486.067368, 498.953843, 511.861046, 524.788930, 537.737449, 550.706557, 563.696206, 576.706349, 589.736937, 602.787923, 615.859259, 628.950894, 642.062782, 655.194874, 668.347121, 681.519474, 694.711887, 707.924310, 721.156698, 734.409002, 747.681176, 760.973173, 774.284950, 787.616459, 800.967657, 814.338500, 827.728944, 841.138949, 854.568471, 868.017470, 881.485906, 894.973740, 908.480934, 922.007450, 935.553251, 949.118302, 962.702568, 976.306016, 989.928612, 1003.570325, 1017.231125, 1030.910980, 1044.609862, 1058.327744, 1072.064598, 1085.820399, 1099.595121
DF_in_FDMTimeGreed : 20301126.000000, 6.232877, 6.298630, 0.998065
RcvLastFixingPayoff_1F : 87.260274, 87.260274, 87.260274, 87.260274, 87.260274, 87.260274, 87.260274, 87.260274, 87.260274, 87.260274, 87.260274, 87.260274, 87.260274, 87.260274, 87.260274, 87.260274, 87.260274, 87.260274, 87.260274, 87.260274, 87.260274, 87.260274, 87.260274, 87.260274, 87.260274, 87.260274, 87.260274, 87.260274, 87.260274, 87.260274, 87.260274, 87.260274, 87.260274, 87.260274, 87.260274, 87.260274, 87.260274, 87.260274, 87.260274, 87.260274, 87.260274, 87.260274, 87.260274, 87.260274, 87.260274, 87.260274, 87.260274, 87.260274, 87.260274, 87.260274, 87.260274, 87.260274, 87.260274, 87.260274, 87.260274, 87.260274, 87.260274, 87.260274, 87.260274, 87.260274, 87.260274, 87.260274, 87.260274, 87.260274, 87.260274, 87.260274, 87.260274, 87.260274, 87.260274, 87.260274, 87.260274, 87.260274, 87.260274, 87.260274, 87.260274, 87.260274, 87.260274, 87.260274, 87.260274, 87.260274, 87.260274, 87.260274, 87.260274, 87.260274, 87.260274, 87.260274, 87.260274, 87.260274, 87.260274, 87.260274, 87.260274, 87.260274, 87.260274, 87.260274, 87.260274, 87.260274, 87.260274, 87.260274, 87.260274, 87.260274
PayLastFixingPayoff_1F : -166.633517, -154.865456, -143.077058, -131.268246, -119.438950, -107.589099, -95.718626, -83.827465, -71.915555, -59.982835, -48.029250, -36.054743, -24.059264, -12.042763, -0.005196, 12.053482, 24.133311, 36.234327, 48.356566, 60.500058, 72.664832, 84.850915, 97.058328, 109.287091, 121.537222, 133.808735, 146.101639, 158.415945, 170.751657, 183.108779, 195.487310, 207.887249, 220.308589, 232.751323, 245.215442, 257.700933, 270.207780, 282.735966, 295.285473, 307.856278, 320.448358, 333.061687, 345.696238, 358.351981, 371.028885, 383.726917, 396.446043, 409.186227, 421.947432, 434.729618, 447.532746, 460.356776, 473.201664, 486.067368, 498.953843, 511.861046, 524.788930, 537.737449, 550.706557, 563.696206, 576.706349, 589.736937, 602.787923, 615.859259, 628.950894, 642.062782, 655.194874, 668.347121, 681.519474, 694.711887, 707.924310, 721.156698, 734.409002, 747.681176, 760.973173, 774.284950, 787.616459, 800.967657, 814.338500, 827.728944, 841.138949, 854.568471, 868.017470, 881.485906, 894.973740, 908.480934, 922.007450, 935.553251, 949.118302, 962.702568, 976.306016, 989.928612, 1003.570325, 1017.231125, 1030.910980, 1044.609862, 1058.327744, 1072.064598, 1085.820399, 1099.595121
DF_in_FDMTimeGreed : 20300920.000000, 6.049315, 6.232877, 0.994613
DF_in_FDMTimeGreed : 20300620.000000, 5.797260, 6.049315, 0.992780
DF_in_FDMTimeGreed : 20300320.000000, 5.545205, 5.797260, 0.992809
DF_in_FDMTimeGreed : 20291220.000000, 5.298630, 5.545205, 0.992959
RcvLastFixingPayoff_1F : 87.260274, 87.260274, 87.260274, 87.260274, 87.260274, 87.260274, 87.260274, 87.260274, 87.260274, 87.260274, 87.260274, 87.260274, 87.260274, 87.260274, 87.260274, 87.260274, 87.260274, 87.260274, 87.260274, 87.260274, 87.260274, 87.260274, 87.260274, 87.260274, 87.260274, 87.260274, 87.260274, 87.260274, 87.260274, 87.260274, 87.260274, 87.260274, 87.260274, 87.260274, 87.260274, 87.260274, 87.260274, 87.260274, 87.260274, 87.260274, 87.260274, 87.260274, 87.260274, 87.260274, 87.260274, 87.260274, 87.260274, 87.260274, 87.260274, 87.260274, 87.260274, 87.260274, 87.260274, 87.260274, 87.260274, 87.260274, 87.260274, 87.260274, 87.260274, 87.260274, 87.260274, 87.260274, 87.260274, 87.260274, 87.260274, 87.260274, 87.260274, 87.260274, 87.260274, 87.260274, 87.260274, 87.260274, 87.260274, 87.260274, 87.260274, 87.260274, 87.260274, 87.260274, 87.260274, 87.260274, 87.260274, 87.260274, 87.260274, 87.260274, 87.260274, 87.260274, 87.260274, 87.260274, 87.260274, 87.260274, 87.260274, 87.260274, 87.260274, 87.260274, 87.260274, 87.260274, 87.260274, 87.260274, 87.260274, 87.260274
PayLastFixingPayoff_1F : -165.859985, -154.111992, -142.343718, -130.555084, -118.746012, -106.916430, -95.066264, -83.195447, -71.303911, -59.391592, -47.458429, -35.504364, -23.529339, -11.533303, 0.483795, 12.522003, 24.581365, 36.661922, 48.763713, 60.886774, 73.031138, 85.196834, 97.383888, 109.592326, 121.822167, 134.073430, 146.346129, 158.640277, 170.955883, 183.292954, 195.651492, 208.031500, 220.432975, 232.855914, 245.300308, 257.766149, 270.253425, 282.762121, 295.292220, 307.843705, 320.416553, 333.010742, 345.626246, 358.263039, 370.921090, 383.600370, 396.300846, 409.022484, 421.765248, 434.529101, 447.314004, 460.119919, 472.946803, 485.794616, 498.663313, 511.552852, 524.463187, 537.394273, 550.346064, 563.318513, 576.311572, 589.325195, 602.359332, 615.413936, 628.488959, 641.584350, 654.700062, 667.836047, 680.992254, 694.168636, 707.365144, 720.581731, 733.818347, 747.074947, 760.351483, 773.647908, 786.964176, 800.300242, 813.656060, 827.031587, 840.426778, 853.841591, 867.275984, 880.729914, 894.203342, 907.696227, 921.208531, 934.740215, 948.291242, 961.861575, 975.451179, 989.060020, 1002.688064, 1016.335277, 1030.001630, 1043.687089, 1057.391627, 1071.115214, 1084.857822, 1098.619425
DF_in_FDMTimeGreed : 20291126.000000, 5.232877, 5.298630, 0.998117
RcvLastFixingPayoff_1F : 87.260274, 87.260274, 87.260274, 87.260274, 87.260274, 87.260274, 87.260274, 87.260274, 87.260274, 87.260274, 87.260274, 87.260274, 87.260274, 87.260274, 87.260274, 87.260274, 87.260274, 87.260274, 87.260274, 87.260274, 87.260274, 87.260274, 87.260274, 87.260274, 87.260274, 87.260274, 87.260274, 87.260274, 87.260274, 87.260274, 87.260274, 87.260274, 87.260274, 87.260274, 87.260274, 87.260274, 87.260274, 87.260274, 87.260274, 87.260274, 87.260274, 87.260274, 87.260274, 87.260274, 87.260274, 87.260274, 87.260274, 87.260274, 87.260274, 87.260274, 87.260274, 87.260274, 87.260274, 87.260274, 87.260274, 87.260274, 87.260274, 87.260274, 87.260274, 87.260274, 87.260274, 87.260274, 87.260274, 87.260274, 87.260274, 87.260274, 87.260274, 87.260274, 87.260274, 87.260274, 87.260274, 87.260274, 87.260274, 87.260274, 87.260274, 87.260274, 87.260274, 87.260274, 87.260274, 87.260274, 87.260274, 87.260274, 87.260274, 87.260274, 87.260274, 87.260274, 87.260274, 87.260274, 87.260274, 87.260274, 87.260274, 87.260274, 87.260274, 87.260274, 87.260274, 87.260274, 87.260274, 87.260274, 87.260274, 87.260274
PayLastFixingPayoff_1F : -165.859985, -154.111992, -142.343718, -130.555084, -118.746012, -106.916430, -95.066264, -83.195447, -71.303911, -59.391592, -47.458429, -35.504364, -23.529339, -11.533303, 0.483795, 12.522003, 24.581365, 36.661922, 48.763713, 60.886774, 73.031138, 85.196834, 97.383888, 109.592326, 121.822167, 134.073430, 146.346129, 158.640277, 170.955883, 183.292954, 195.651492, 208.031500, 220.432975, 232.855914, 245.300308, 257.766149, 270.253425, 282.762121, 295.292220, 307.843705, 320.416553, 333.010742, 345.626246, 358.263039, 370.921090, 383.600370, 396.300846, 409.022484, 421.765248, 434.529101, 447.314004, 460.119919, 472.946803, 485.794616, 498.663313, 511.552852, 524.463187, 537.394273, 550.346064, 563.318513, 576.311572, 589.325195, 602.359332, 615.413936, 628.488959, 641.584350, 654.700062, 667.836047, 680.992254, 694.168636, 707.365144, 720.581731, 733.818347, 747.074947, 760.351483, 773.647908, 786.964176, 800.300242, 813.656060, 827.031587, 840.426778, 853.841591, 867.275984, 880.729914, 894.203342, 907.696227, 921.208531, 934.740215, 948.291242, 961.861575, 975.451179, 989.060020, 1002.688064, 1016.335277, 1030.001630, 1043.687089, 1057.391627, 1071.115214, 1084.857822, 1098.619425
DF_in_FDMTimeGreed : 20290920.000000, 5.049315, 5.232877, 0.994749
DF_in_FDMTimeGreed : 20290620.000000, 4.797260, 5.049315, 0.992815
DF_in_FDMTimeGreed : 20290320.000000, 4.545205, 4.797260, 0.992811
DF_in_FDMTimeGreed : 20281220.000000, 4.298630, 4.545205, 0.992958
RcvLastFixingPayoff_1F : 87.260274, 87.260274, 87.260274, 87.260274, 87.260274, 87.260274, 87.260274, 87.260274, 87.260274, 87.260274, 87.260274, 87.260274, 87.260274, 87.260274, 87.260274, 87.260274, 87.260274, 87.260274, 87.260274, 87.260274, 87.260274, 87.260274, 87.260274, 87.260274, 87.260274, 87.260274, 87.260274, 87.260274, 87.260274, 87.260274, 87.260274, 87.260274, 87.260274, 87.260274, 87.260274, 87.260274, 87.260274, 87.260274, 87.260274, 87.260274, 87.260274, 87.260274, 87.260274, 87.260274, 87.260274, 87.260274, 87.260274, 87.260274, 87.260274, 87.260274, 87.260274, 87.260274, 87.260274, 87.260274, 87.260274, 87.260274, 87.260274, 87.260274, 87.260274, 87.260274, 87.260274, 87.260274, 87.260274, 87.260274, 87.260274, 87.260274, 87.260274, 87.260274, 87.260274, 87.260274, 87.260274, 87.260274, 87.260274, 87.260274, 87.260274, 87.260274, 87.260274, 87.260274, 87.260274, 87.260274, 87.260274, 87.260274, 87.260274, 87.260274, 87.260274, 87.260274, 87.260274, 87.260274, 87.260274, 87.260274, 87.260274, 87.260274, 87.260274, 87.260274, 87.260274, 87.260274, 87.260274, 87.260274, 87.260274, 87.260274
PayLastFixingPayoff_1F : -165.754938, -154.016517, -142.257870, -130.478914, -118.679569, -106.859759, -95.019410, -83.158447, -71.276803, -59.374409, -47.451200, -35.507116, -23.542097, -11.556086, 0.450970, 12.479121, 24.528416, 36.598899, 48.690612, 60.803595, 72.937882, 85.093508, 97.270502, 109.468890, 121.688698, 133.929946, 146.192652, 158.476832, 170.782498, 183.109659, 195.458321, 207.828490, 220.220166, 232.633347, 245.068029, 257.524205, 270.001867, 282.501002, 295.021595, 307.563632, 320.127092, 332.711955, 345.318198, 357.945796, 370.594722, 383.264946, 395.956440, 408.669169, 421.403100, 434.158198, 446.934425, 459.731744, 472.550115, 485.389497, 498.249849, 511.131128, 524.033289, 536.956289, 549.900083, 562.864623, 575.849864, 588.855759, 601.882260, 614.929319, 627.996889, 641.084920, 654.193364, 667.322174, 680.471299, 693.640693, 706.830306, 720.040090, 733.269998, 746.519981, 759.789993, 773.079986, 786.389914, 799.719732, 813.069393, 826.438853, 839.828068, 853.236994, 866.665589, 880.113809, 893.581615, 907.068965, 920.575819, 934.102138, 947.647885, 961.213022, 974.797513, 988.401322, 1002.024415, 1015.666757, 1029.328317, 1043.009063, 1056.708963, 1070.427989, 1084.166110, 1097.923300
DF_in_FDMTimeGreed : 20281124.000000, 4.227397, 4.298630, 0.997959
RcvLastFixingPayoff_1F : 87.260274, 87.260274, 87.260274, 87.260274, 87.260274, 87.260274, 87.260274, 87.260274, 87.260274, 87.260274, 87.260274, 87.260274, 87.260274, 87.260274, 87.260274, 87.260274, 87.260274, 87.260274, 87.260274, 87.260274, 87.260274, 87.260274, 87.260274, 87.260274, 87.260274, 87.260274, 87.260274, 87.260274, 87.260274, 87.260274, 87.260274, 87.260274, 87.260274, 87.260274, 87.260274, 87.260274, 87.260274, 87.260274, 87.260274, 87.260274, 87.260274, 87.260274, 87.260274, 87.260274, 87.260274, 87.260274, 87.260274, 87.260274, 87.260274, 87.260274, 87.260274, 87.260274, 87.260274, 87.260274, 87.260274, 87.260274, 87.260274, 87.260274, 87.260274, 87.260274, 87.260274, 87.260274, 87.260274, 87.260274, 87.260274, 87.260274, 87.260274, 87.260274, 87.260274, 87.260274, 87.260274, 87.260274, 87.260274, 87.260274, 87.260274, 87.260274, 87.260274, 87.260274, 87.260274, 87.260274, 87.260274, 87.260274, 87.260274, 87.260274, 87.260274, 87.260274, 87.260274, 87.260274, 87.260274, 87.260274, 87.260274, 87.260274, 87.260274, 87.260274, 87.260274, 87.260274, 87.260274, 87.260274, 87.260274, 87.260274
PayLastFixingPayoff_1F : -165.754938, -154.016517, -142.257870, -130.478914, -118.679569, -106.859759, -95.019410, -83.158447, -71.276803, -59.374409, -47.451200, -35.507116, -23.542097, -11.556086, 0.450970, 12.479121, 24.528416, 36.598899, 48.690612, 60.803595, 72.937882, 85.093508, 97.270502, 109.468890, 121.688698, 133.929946, 146.192652, 158.476832, 170.782498, 183.109659, 195.458321, 207.828490, 220.220166, 232.633347, 245.068029, 257.524205, 270.001867, 282.501002, 295.021595, 307.563632, 320.127092, 332.711955, 345.318198, 357.945796, 370.594722, 383.264946, 395.956440, 408.669169, 421.403100, 434.158198, 446.934425, 459.731744, 472.550115, 485.389497, 498.249849, 511.131128, 524.033289, 536.956289, 549.900083, 562.864623, 575.849864, 588.855759, 601.882260, 614.929319, 627.996889, 641.084920, 654.193364, 667.322174, 680.471299, 693.640693, 706.830306, 720.040090, 733.269998, 746.519981, 759.789993, 773.079986, 786.389914, 799.719732, 813.069393, 826.438853, 839.828068, 853.236994, 866.665589, 880.113809, 893.581615, 907.068965, 920.575819, 934.102138, 947.647885, 961.213022, 974.797513, 988.401322, 1002.024415, 1015.666757, 1029.328317, 1043.009063, 1056.708963, 1070.427989, 1084.166110, 1097.923300
DF_in_FDMTimeGreed : 20280920.000000, 4.049315, 4.227397, 0.994902
DF_in_FDMTimeGreed : 20280620.000000, 3.797260, 4.049315, 0.992966
DF_in_FDMTimeGreed : 20280320.000000, 3.545205, 3.797260, 0.992969
DF_in_FDMTimeGreed : 20271220.000000, 3.295890, 3.545205, 0.993007
RcvLastFixingPayoff_1F : 87.260274, 87.260274, 87.260274, 87.260274, 87.260274, 87.260274, 87.260274, 87.260274, 87.260274, 87.260274, 87.260274, 87.260274, 87.260274, 87.260274, 87.260274, 87.260274, 87.260274, 87.260274, 87.260274, 87.260274, 87.260274, 87.260274, 87.260274, 87.260274, 87.260274, 87.260274, 87.260274, 87.260274, 87.260274, 87.260274, 87.260274, 87.260274, 87.260274, 87.260274, 87.260274, 87.260274, 87.260274, 87.260274, 87.260274, 87.260274, 87.260274, 87.260274, 87.260274, 87.260274, 87.260274, 87.260274, 87.260274, 87.260274, 87.260274, 87.260274, 87.260274, 87.260274, 87.260274, 87.260274, 87.260274, 87.260274, 87.260274, 87.260274, 87.260274, 87.260274, 87.260274, 87.260274, 87.260274, 87.260274, 87.260274, 87.260274, 87.260274, 87.260274, 87.260274, 87.260274, 87.260274, 87.260274, 87.260274, 87.260274, 87.260274, 87.260274, 87.260274, 87.260274, 87.260274, 87.260274, 87.260274, 87.260274, 87.260274, 87.260274, 87.260274, 87.260274, 87.260274, 87.260274, 87.260274, 87.260274, 87.260274, 87.260274, 87.260274, 87.260274, 87.260274, 87.260274, 87.260274, 87.260274, 87.260274, 87.260274
PayLastFixingPayoff_1F : -165.815101, -154.088887, -142.342453, -130.575714, -118.788586, -106.980991, -95.152849, -83.304087, -71.434631, -59.544411, -47.633359, -35.701411, -23.748503, -11.774577, 0.220424, 12.236553, 24.273862, 36.332399, 48.412207, 60.513330, 72.635806, 84.779671, 96.944958, 109.131696, 121.339914, 133.569633, 145.820876, 158.093661, 170.388001, 182.703910, 195.041397, 207.400467, 219.781125, 232.183371, 244.607203, 257.052617, 269.519605, 282.008158, 294.518264, 307.049908, 319.603073, 332.177740, 344.773889, 357.391495, 370.030533, 382.690976, 395.372794, 408.075957, 420.800433, 433.546185, 446.313180, 459.101380, 471.910746, 484.741239, 497.592818, 510.465440, 523.359063, 536.273642, 549.209134, 562.165493, 575.142672, 588.140625, 601.159305, 614.198664, 627.258655, 640.339228, 653.440337, 666.561932, 679.703965, 692.866387, 706.049150, 719.252205, 732.475505, 745.719002, 758.982648, 772.266396, 785.570199, 798.894011, 812.237786, 825.601479, 838.985045, 852.388441, 865.811622, 879.254547, 892.717173, 906.199459, 919.701365, 933.222852, 946.763880, 960.324411, 973.904409, 987.503838, 1001.122662, 1014.760848, 1028.418361, 1042.095169, 1055.791242, 1069.506548, 1083.241057, 1096.994743
DF_in_FDMTimeGreed : 20271124.000000, 3.224658, 3.295890, 0.997990
RcvLastFixingPayoff_1F : 87.260274, 87.260274, 87.260274, 87.260274, 87.260274, 87.260274, 87.260274, 87.260274, 87.260274, 87.260274, 87.260274, 87.260274, 87.260274, 87.260274, 87.260274, 87.260274, 87.260274, 87.260274, 87.260274, 87.260274, 87.260274, 87.260274, 87.260274, 87.260274, 87.260274, 87.260274, 87.260274, 87.260274, 87.260274, 87.260274, 87.260274, 87.260274, 87.260274, 87.260274, 87.260274, 87.260274, 87.260274, 87.260274, 87.260274, 87.260274, 87.260274, 87.260274, 87.260274, 87.260274, 87.260274, 87.260274, 87.260274, 87.260274, 87.260274, 87.260274, 87.260274, 87.260274, 87.260274, 87.260274, 87.260274, 87.260274, 87.260274, 87.260274, 87.260274, 87.260274, 87.260274, 87.260274, 87.260274, 87.260274, 87.260274, 87.260274, 87.260274, 87.260274, 87.260274, 87.260274, 87.260274, 87.260274, 87.260274, 87.260274, 87.260274, 87.260274, 87.260274, 87.260274, 87.260274, 87.260274, 87.260274, 87.260274, 87.260274, 87.260274, 87.260274, 87.260274, 87.260274, 87.260274, 87.260274, 87.260274, 87.260274, 87.260274, 87.260274, 87.260274, 87.260274, 87.260274, 87.260274, 87.260274, 87.260274, 87.260274
PayLastFixingPayoff_1F : -165.815101, -154.088887, -142.342453, -130.575714, -118.788586, -106.980991, -95.152849, -83.304087, -71.434631, -59.544411, -47.633359, -35.701411, -23.748503, -11.774577, 0.220424, 12.236553, 24.273862, 36.332399, 48.412207, 60.513330, 72.635806, 84.779671, 96.944958, 109.131696, 121.339914, 133.569633, 145.820876, 158.093661, 170.388001, 182.703910, 195.041397, 207.400467, 219.781125, 232.183371, 244.607203, 257.052617, 269.519605, 282.008158, 294.518264, 307.049908, 319.603073, 332.177740, 344.773889, 357.391495, 370.030533, 382.690976, 395.372794, 408.075957, 420.800433, 433.546185, 446.313180, 459.101380, 471.910746, 484.741239, 497.592818, 510.465440, 523.359063, 536.273642, 549.209134, 562.165493, 575.142672, 588.140625, 601.159305, 614.198664, 627.258655, 640.339228, 653.440337, 666.561932, 679.703965, 692.866387, 706.049150, 719.252205, 732.475505, 745.719002, 758.982648, 772.266396, 785.570199, 798.894011, 812.237786, 825.601479, 838.985045, 852.388441, 865.811622, 879.254547, 892.717173, 906.199459, 919.701365, 933.222852, 946.763880, 960.324411, 973.904409, 987.503838, 1001.122662, 1014.760848, 1028.418361, 1042.095169, 1055.791242, 1069.506548, 1083.241057, 1096.994743
DF_in_FDMTimeGreed : 20270920.000000, 3.046575, 3.224658, 0.994970
DF_in_FDMTimeGreed : 20270621.000000, 2.797260, 3.046575, 0.993182
DF_in_FDMTimeGreed : 20270322.000000, 2.547945, 2.797260, 0.993142
DF_in_FDMTimeGreed : 20261221.000000, 2.298630, 2.547945, 0.993052
RcvLastFixingPayoff_1F : 87.260274, 87.260274, 87.260274, 87.260274, 87.260274, 87.260274, 87.260274, 87.260274, 87.260274, 87.260274, 87.260274, 87.260274, 87.260274, 87.260274, 87.260274, 87.260274, 87.260274, 87.260274, 87.260274, 87.260274, 87.260274, 87.260274, 87.260274, 87.260274, 87.260274, 87.260274, 87.260274, 87.260274, 87.260274, 87.260274, 87.260274, 87.260274, 87.260274, 87.260274, 87.260274, 87.260274, 87.260274, 87.260274, 87.260274, 87.260274, 87.260274, 87.260274, 87.260274, 87.260274, 87.260274, 87.260274, 87.260274, 87.260274, 87.260274, 87.260274, 87.260274, 87.260274, 87.260274, 87.260274, 87.260274, 87.260274, 87.260274, 87.260274, 87.260274, 87.260274, 87.260274, 87.260274, 87.260274, 87.260274, 87.260274, 87.260274, 87.260274, 87.260274, 87.260274, 87.260274, 87.260274, 87.260274, 87.260274, 87.260274, 87.260274, 87.260274, 87.260274, 87.260274, 87.260274, 87.260274, 87.260274, 87.260274, 87.260274, 87.260274, 87.260274, 87.260274, 87.260274, 87.260274, 87.260274, 87.260274, 87.260274, 87.260274, 87.260274, 87.260274, 87.260274, 87.260274, 87.260274, 87.260274, 87.260274, 87.260274
PayLastFixingPayoff_1F : -165.998624, -154.285106, -142.551297, -130.797110, -119.022461, -107.227265, -95.411443, -83.574917, -71.717611, -59.839453, -47.940373, -36.020302, -24.079177, -12.116936, -0.133519, 11.871129, 23.897061, 35.944326, 48.012973, 60.103045, 72.214583, 84.347624, 96.502203, 108.678352, 120.876099, 133.095470, 145.336487, 157.599169, 169.883532, 182.189590, 194.517353, 206.866828, 219.238020, 231.630931, 244.045559, 256.481900, 268.939947, 281.419693, 293.921124, 306.444227, 318.988985, 331.555379, 344.143388, 356.752988, 369.384154, 382.036858, 394.711071, 407.406762, 420.123897, 432.862441, 445.622359, 458.403613, 471.206162, 484.029968, 496.874987, 509.741177, 522.628494, 535.536893, 548.466329, 561.416754, 574.388121, 587.380382, 600.393489, 613.427393, 626.482044, 639.557393, 652.653390, 665.769985, 678.907128, 692.064769, 705.242856, 718.441342, 731.660175, 744.899306, 758.158686, 771.438266, 784.737997, 798.057831, 811.397720, 824.757619, 838.137479, 851.537255, 864.956901, 878.396374, 891.855630, 905.334624, 918.833316, 932.351664, 945.889626, 959.447164, 973.024237, 986.620810, 1000.236843, 1013.872302, 1027.527150, 1041.201354, 1054.894880, 1068.607696, 1082.339771, 1096.091074
DF_in_FDMTimeGreed : 20261125.000000, 2.227397, 2.298630, 0.997993
RcvLastFixingPayoff_1F : 87.260274, 87.260274, 87.260274, 87.260274, 87.260274, 87.260274, 87.260274, 87.260274, 87.260274, 87.260274, 87.260274, 87.260274, 87.260274, 87.260274, 87.260274, 87.260274, 87.260274, 87.260274, 87.260274, 87.260274, 87.260274, 87.260274, 87.260274, 87.260274, 87.260274, 87.260274, 87.260274, 87.260274, 87.260274, 87.260274, 87.260274, 87.260274, 87.260274, 87.260274, 87.260274, 87.260274, 87.260274, 87.260274, 87.260274, 87.260274, 87.260274, 87.260274, 87.260274, 87.260274, 87.260274, 87.260274, 87.260274, 87.260274, 87.260274, 87.260274, 87.260274, 87.260274, 87.260274, 87.260274, 87.260274, 87.260274, 87.260274, 87.260274, 87.260274, 87.260274, 87.260274, 87.260274, 87.260274, 87.260274, 87.260274, 87.260274, 87.260274, 87.260274, 87.260274, 87.260274, 87.260274, 87.260274, 87.260274, 87.260274, 87.260274, 87.260274, 87.260274, 87.260274, 87.260274, 87.260274, 87.260274, 87.260274, 87.260274, 87.260274, 87.260274, 87.260274, 87.260274, 87.260274, 87.260274, 87.260274, 87.260274, 87.260274, 87.260274, 87.260274, 87.260274, 87.260274, 87.260274, 87.260274, 87.260274, 87.260274
PayLastFixingPayoff_1F : -165.998624, -154.285106, -142.551297, -130.797110, -119.022461, -107.227265, -95.411443, -83.574917, -71.717611, -59.839453, -47.940373, -36.020302, -24.079177, -12.116936, -0.133519, 11.871129, 23.897061, 35.944326, 48.012973, 60.103045, 72.214583, 84.347624, 96.502203, 108.678352, 120.876099, 133.095470, 145.336487, 157.599169, 169.883532, 182.189590, 194.517353, 206.866828, 219.238020, 231.630931, 244.045559, 256.481900, 268.939947, 281.419693, 293.921124, 306.444227, 318.988985, 331.555379, 344.143388, 356.752988, 369.384154, 382.036858, 394.711071, 407.406762, 420.123897, 432.862441, 445.622359, 458.403613, 471.206162, 484.029968, 496.874987, 509.741177, 522.628494, 535.536893, 548.466329, 561.416754, 574.388121, 587.380382, 600.393489, 613.427393, 626.482044, 639.557393, 652.653390, 665.769985, 678.907128, 692.064769, 705.242856, 718.441342, 731.660175, 744.899306, 758.158686, 771.438266, 784.737997, 798.057831, 811.397720, 824.757619, 838.137479, 851.537255, 864.956901, 878.396374, 891.855630, 905.334624, 918.833316, 932.351664, 945.889626, 959.447164, 973.024237, 986.620810, 1000.236843, 1013.872302, 1027.527150, 1041.201354, 1054.894880, 1068.607696, 1082.339771, 1096.091074
DF_in_FDMTimeGreed : 20260921.000000, 2.049315, 2.227397, 0.994959
DF_in_FDMTimeGreed : 20260622.000000, 1.800000, 2.049315, 0.993134
DF_in_FDMTimeGreed : 20260320.000000, 1.542466, 1.800000, 0.992792
DF_in_FDMTimeGreed : 20251222.000000, 1.301370, 1.542466, 0.993302
RcvLastFixingPayoff_1F : 87.260274, 87.260274, 87.260274, 87.260274, 87.260274, 87.260274, 87.260274, 87.260274, 87.260274, 87.260274, 87.260274, 87.260274, 87.260274, 87.260274, 87.260274, 87.260274, 87.260274, 87.260274, 87.260274, 87.260274, 87.260274, 87.260274, 87.260274, 87.260274, 87.260274, 87.260274, 87.260274, 87.260274, 87.260274, 87.260274, 87.260274, 87.260274, 87.260274, 87.260274, 87.260274, 87.260274, 87.260274, 87.260274, 87.260274, 87.260274, 87.260274, 87.260274, 87.260274, 87.260274, 87.260274, 87.260274, 87.260274, 87.260274, 87.260274, 87.260274, 87.260274, 87.260274, 87.260274, 87.260274, 87.260274, 87.260274, 87.260274, 87.260274, 87.260274, 87.260274, 87.260274, 87.260274, 87.260274, 87.260274, 87.260274, 87.260274, 87.260274, 87.260274, 87.260274, 87.260274, 87.260274, 87.260274, 87.260274, 87.260274, 87.260274, 87.260274, 87.260274, 87.260274, 87.260274, 87.260274, 87.260274, 87.260274, 87.260274, 87.260274, 87.260274, 87.260274, 87.260274, 87.260274, 87.260274, 87.260274, 87.260274, 87.260274, 87.260274, 87.260274, 87.260274, 87.260274, 87.260274, 87.260274, 87.260274, 87.260274
PayLastFixingPayoff_1F : -166.681517, -154.968199, -143.234523, -131.480401, -119.705749, -107.910482, -96.094520, -84.257784, -72.400198, -60.521690, -48.622188, -36.701625, -24.759937, -12.797060, -0.812935, 11.192492, 23.219276, 35.267467, 47.337111, 59.428253, 71.540933, 83.675189, 95.831056, 108.008565, 120.207744, 132.428618, 144.671211, 156.935539, 169.221621, 181.529467, 193.859089, 206.210492, 218.583682, 230.978659, 243.395420, 255.833963, 268.294279, 280.776359, 293.280189, 305.805756, 318.353041, 330.922025, 343.512686, 356.124999, 368.758937, 381.414473, 394.091576, 406.790213, 419.510350, 432.251952, 445.014980, 457.799397, 470.605161, 483.432231, 496.280564, 509.150116, 522.040841, 534.952693, 547.885626, 560.839590, 573.814539, 586.810422, 599.827190, 612.864793, 625.923179, 639.002298, 652.102099, 665.222531, 678.363542, 691.525080, 704.707094, 717.909534, 731.132347, 744.375483, 757.638892, 770.922523, 784.226326, 797.550253, 810.894254, 824.258280, 837.642285, 851.046222, 864.470043, 877.913703, 891.377157, 904.860362, 918.363273, 931.885848, 945.428046, 958.989825, 972.571146, 986.171970, 999.792258, 1013.431974, 1027.091081, 1040.769544, 1054.467330, 1068.184404, 1081.920734, 1095.676290
DF_in_FDMTimeGreed : 20251126.000000, 1.230137, 1.301370, 0.997982
RcvLastFixingPayoff_1F : 87.260274, 87.260274, 87.260274, 87.260274, 87.260274, 87.260274, 87.260274, 87.260274, 87.260274, 87.260274, 87.260274, 87.260274, 87.260274, 87.260274, 87.260274, 87.260274, 87.260274, 87.260274, 87.260274, 87.260274, 87.260274, 87.260274, 87.260274, 87.260274, 87.260274, 87.260274, 87.260274, 87.260274, 87.260274, 87.260274, 87.260274, 87.260274, 87.260274, 87.260274, 87.260274, 87.260274, 87.260274, 87.260274, 87.260274, 87.260274, 87.260274, 87.260274, 87.260274, 87.260274, 87.260274, 87.260274, 87.260274, 87.260274, 87.260274, 87.260274, 87.260274, 87.260274, 87.260274, 87.260274, 87.260274, 87.260274, 87.260274, 87.260274, 87.260274, 87.260274, 87.260274, 87.260274, 87.260274, 87.260274, 87.260274, 87.260274, 87.260274, 87.260274, 87.260274, 87.260274, 87.260274, 87.260274, 87.260274, 87.260274, 87.260274, 87.260274, 87.260274, 87.260274, 87.260274, 87.260274, 87.260274, 87.260274, 87.260274, 87.260274, 87.260274, 87.260274, 87.260274, 87.260274, 87.260274, 87.260274, 87.260274, 87.260274, 87.260274, 87.260274, 87.260274, 87.260274, 87.260274, 87.260274, 87.260274, 87.260274
PayLastFixingPayoff_1F : -166.681517, -154.968199, -143.234523, -131.480401, -119.705749, -107.910482, -96.094520, -84.257784, -72.400198, -60.521690, -48.622188, -36.701625, -24.759937, -12.797060, -0.812935, 11.192492, 23.219276, 35.267467, 47.337111, 59.428253, 71.540933, 83.675189, 95.831056, 108.008565, 120.207744, 132.428618, 144.671211, 156.935539, 169.221621, 181.529467, 193.859089, 206.210492, 218.583682, 230.978659, 243.395420, 255.833963, 268.294279, 280.776359, 293.280189, 305.805756, 318.353041, 330.922025, 343.512686, 356.124999, 368.758937, 381.414473, 394.091576, 406.790213, 419.510350, 432.251952, 445.014980, 457.799397, 470.605161, 483.432231, 496.280564, 509.150116, 522.040841, 534.952693, 547.885626, 560.839590, 573.814539, 586.810422, 599.827190, 612.864793, 625.923179, 639.002298, 652.102099, 665.222531, 678.363542, 691.525080, 704.707094, 717.909534, 731.132347, 744.375483, 757.638892, 770.922523, 784.226326, 797.550253, 810.894254, 824.258280, 837.642285, 851.046222, 864.470043, 877.913703, 891.377157, 904.860362, 918.363273, 931.885848, 945.428046, 958.989825, 972.571146, 986.171970, 999.792258, 1013.431974, 1027.091081, 1040.769544, 1054.467330, 1068.184404, 1081.920734, 1095.676290
DF_in_FDMTimeGreed : 20250922.000000, 1.052055, 1.230137, 0.994860
DF_in_FDMTimeGreed : 20250620.000000, 0.794521, 1.052055, 0.992603
DF_in_FDMTimeGreed : 20250320.000000, 0.542466, 0.794521, 0.992328
DF_in_FDMTimeGreed : 20241220.000000, 0.295890, 0.542466, 0.991996
RcvLastFixingPayoff_1F : 87.260274, 87.260274, 87.260274, 87.260274, 87.260274, 87.260274, 87.260274, 87.260274, 87.260274, 87.260274, 87.260274, 87.260274, 87.260274, 87.260274, 87.260274, 87.260274, 87.260274, 87.260274, 87.260274, 87.260274, 87.260274, 87.260274, 87.260274, 87.260274, 87.260274, 87.260274, 87.260274, 87.260274, 87.260274, 87.260274, 87.260274, 87.260274, 87.260274, 87.260274, 87.260274, 87.260274, 87.260274, 87.260274, 87.260274, 87.260274, 87.260274, 87.260274, 87.260274, 87.260274, 87.260274, 87.260274, 87.260274, 87.260274, 87.260274, 87.260274, 87.260274, 87.260274, 87.260274, 87.260274, 87.260274, 87.260274, 87.260274, 87.260274, 87.260274, 87.260274, 87.260274, 87.260274, 87.260274, 87.260274, 87.260274, 87.260274, 87.260274, 87.260274, 87.260274, 87.260274, 87.260274, 87.260274, 87.260274, 87.260274, 87.260274, 87.260274, 87.260274, 87.260274, 87.260274, 87.260274, 87.260274, 87.260274, 87.260274, 87.260274, 87.260274, 87.260274, 87.260274, 87.260274, 87.260274, 87.260274, 87.260274, 87.260274, 87.260274, 87.260274, 87.260274, 87.260274, 87.260274, 87.260274, 87.260274, 87.260274
PayLastFixingPayoff_1F : -166.830406, -155.097372, -143.343600, -131.568999, -119.773480, -107.956960, -96.119355, -84.260586, -72.380575, -60.479248, -48.556534, -36.612365, -24.646675, -12.659402, -0.650487, 11.380126, 23.432490, 35.506653, 47.602663, 59.720561, 71.860388, 84.022179, 96.205967, 108.411783, 120.639651, 132.889595, 145.161634, 157.455784, 169.772060, 182.110469, 194.471019, 206.853714, 219.258554, 231.685535, 244.134653, 256.605899, 269.099261, 281.614726, 294.152276, 306.711892, 319.293552, 331.897230, 344.522901, 357.170535, 369.840101, 382.531564, 395.244890, 407.980041, 420.736976, 433.515656, 446.316037, 459.138076, 471.981725, 484.846938, 497.733667, 510.641862, 523.571472, 536.522446, 549.494730, 562.488273, 575.503019, 588.538914, 601.595904, 614.673931, 627.772942, 640.892878, 654.033685, 667.195304, 680.377681, 693.580758, 706.804479, 720.048788, 733.313629, 746.598946, 759.904684, 773.230788, 786.577203, 799.943877, 813.330755, 826.737785, 840.164916, 853.612095, 867.079272, 880.566398, 894.073424, 907.600302, 921.146985, 934.713426, 948.299580, 961.905403, 975.530852, 989.175884, 1002.840459, 1016.524535, 1030.228074, 1043.951038, 1057.693389, 1071.455092, 1085.236111, 1099.036413
DF_in_FDMTimeGreed : 20241126.000000, 0.230137, 0.295890, 0.997759
RcvLastFixingPayoff_1F : 87.260274, 87.260274, 87.260274, 87.260274, 87.260274, 87.260274, 87.260274, 87.260274, 87.260274, 87.260274, 87.260274, 87.260274, 87.260274, 87.260274, 87.260274, 87.260274, 87.260274, 87.260274, 87.260274, 87.260274, 87.260274, 87.260274, 87.260274, 87.260274, 87.260274, 87.260274, 87.260274, 87.260274, 87.260274, 87.260274, 87.260274, 87.260274, 87.260274, 87.260274, 87.260274, 87.260274, 87.260274, 87.260274, 87.260274, 87.260274, 87.260274, 87.260274, 87.260274, 87.260274, 87.260274, 87.260274, 87.260274, 87.260274, 87.260274, 87.260274, 87.260274, 87.260274, 87.260274, 87.260274, 87.260274, 87.260274, 87.260274, 87.260274, 87.260274, 87.260274, 87.260274, 87.260274, 87.260274, 87.260274, 87.260274, 87.260274, 87.260274, 87.260274, 87.260274, 87.260274, 87.260274, 87.260274, 87.260274, 87.260274, 87.260274, 87.260274, 87.260274, 87.260274, 87.260274, 87.260274, 87.260274, 87.260274, 87.260274, 87.260274, 87.260274, 87.260274, 87.260274, 87.260274, 87.260274, 87.260274, 87.260274, 87.260274, 87.260274, 87.260274, 87.260274, 87.260274, 87.260274, 87.260274, 87.260274, 87.260274
PayLastFixingPayoff_1F : -166.830406, -155.097372, -143.343600, -131.568999, -119.773480, -107.956960, -96.119355, -84.260586, -72.380575, -60.479248, -48.556534, -36.612365, -24.646675, -12.659402, -0.650487, 11.380126, 23.432490, 35.506653, 47.602663, 59.720561, 71.860388, 84.022179, 96.205967, 108.411783, 120.639651, 132.889595, 145.161634, 157.455784, 169.772060, 182.110469, 194.471019, 206.853714, 219.258554, 231.685535, 244.134653, 256.605899, 269.099261, 281.614726, 294.152276, 306.711892, 319.293552, 331.897230, 344.522901, 357.170535, 369.840101, 382.531564, 395.244890, 407.980041, 420.736976, 433.515656, 446.316037, 459.138076, 471.981725, 484.846938, 497.733667, 510.641862, 523.571472, 536.522446, 549.494730, 562.488273, 575.503019, 588.538914, 601.595904, 614.673931, 627.772942, 640.892878, 654.033685, 667.195304, 680.377681, 693.580758, 706.804479, 720.048788, 733.313629, 746.598946, 759.904684, 773.230788, 786.577203, 799.943877, 813.330755, 826.737785, 840.164916, 853.612095, 867.079272, 880.566398, 894.073424, 907.600302, 921.146985, 934.713426, 948.299580, 961.905403, 975.530852, 989.175884, 1002.840459, 1016.524535, 1030.228074, 1043.951038, 1057.693389, 1071.455092, 1085.236111, 1099.036413
DF_in_FDMTimeGreed : 20240920.000000, 0.046575, 0.230137, 0.993607
DF_in_FDMTimeGreed : 20240903.000000, 0.000000, 0.046575, 0.998369
