PriceDate : 20240903
EffectiveDate : 20191220
Maturity : 20341220
NAFlag : 0
NA : 40000000000.000000
NAdditionalHolidays : 1, 1
AdditionalHolidays : 20240101, 20241225
NationFlag : 0, 0
NumCpnAnn : 4, 0
MaxLossRetRcvPay : 1.000000, 1.000000, 1.000000, 1.000000
MultipleRatefixPayoffRcvPay : 1.000000, 1.000000, 0.000000, 0.000000
DayCountRcvPay : 0, 3
PowerSpreadFlagRcvPay : 0, 0
RangeMaxMinRcvPay : 1.000000, -1.000000, 0.800000, -0.800000
InfoRefRateRcvPay : 4.000000, 0.250000, 10.000000, 5.000000, 4.000000, 10.000000, 10.000000, 5.000000
RcvLegFixedRate : -0.000100
RcvLegRangeCoupon : 0.000000
RcvLegStructuredFlag : 1
PayLegFixedRate : 0.020200
PayLegRangeCoupon : 0.000000
PayLegStructuredFlag : 0
Phase2UseFlag : 0
Phase2Date : 20201220
Phase2RcvLegFixedRate : -0.000100
Phase2RcvLegRangeCoupon : 0.000000
Phase2RcvLegStructuredFlag : 1
Phase2PayLegFixedRate : 0.020200
Phase2PayLegRangeCoupon : 0.000000
Phase2PayLegStructuredFlag : 0
NumCpnAnnPhase2RcvPay : 4, 0
NOption : 13
OptionDate : 20211124, 20221124, 20231124, 20241126, 20251126, 20261125, 20271124, 20281124, 20291126, 20301126, 20311126, 20321124, 20331124
OptionDate : 20211220, 20221220, 20231220, 20241220, 20251222, 20261221, 20271220, 20281220, 20291220, 20301220, 20311222, 20321220, 20331220
OptionType : 0
NRcvRateHistory : 4
RcvRateHistoryDate : 20240101, 20220727, 20220911, 20240620
RcvRateHistoryDate : 0.037000, 0.037000, 0.037000, 0.036000
NPayRateHistory : 4
PayRateHistoryDate : 20240101, 20220727, 20220911, 20240620
PayRateHistoryDate : 0.035000, 0.030000, 0.030000, 0.036000
NZeroRate : 21
ZeroTerm : 0.002740, 0.005479, 0.252055, 0.498630, 0.750685, 1.002740, 1.498630, 2.002740, 3.008219, 4.005479, 5.005479, 6.005479, 7.005479, 8.013699, 9.010959, 10.008219, 12.010959, 15.013699, 20.019178, 25.024658, 30.021918
ZeroRate : 0.035068, 0.035068, 0.034949, 0.033959, 0.032936, 0.031911, 0.030758, 0.030029, 0.029299, 0.028999, 0.028929, 0.028882, 0.028969, 0.029082, 0.029111, 0.029254, 0.029455, 0.029357, 0.028538, 0.027635, 0.025067
NZeroDiscRate : 21
ZeroDiscTerm : 0.002740, 0.005479, 0.252055, 0.498630, 0.750685, 1.002740, 1.498630, 2.002740, 3.008219, 4.005479, 5.005479, 6.005479, 7.005479, 8.013699, 9.010959, 10.008219, 12.010959, 15.013699, 20.019178, 25.024658, 30.021918
ZeroDiscRate : 0.035068, 0.035068, 0.034949, 0.033959, 0.032936, 0.031911, 0.030758, 0.030029, 0.029299, 0.028999, 0.028929, 0.028882, 0.028969, 0.029082, 0.029111, 0.029254, 0.029455, 0.029357, 0.028538, 0.027635, 0.025067
HW2FFlag : 0
NHWVol : 12
HWVolTerm : 0.002740, 0.084932, 0.249315, 0.498630, 1.000000, 2.000000, 3.000000, 4.008219, 5.000000, 7.000000, 9.227397, 39.227397
HWVol : 0.007182, 0.007182, 0.006668, 0.006625, 0.006302, 0.005670, 0.005591, 0.004940, 0.005055, 0.005168, 0.005051, 0.005051, 0.000000, 0.000000, 0.000000, 0.000000, 0.000000, 0.000000, 0.000000, 0.000000, 0.000000, 0.000000, 0.000000, 0.000000
kappa : 0.007100, 0.011919
FactorCorrelation : -0.877126
InterestRateRoundingRcvPay : 0, 4
DF_in_FDMTimeGreed : 20341220.000000, 10.301370, 10.301370, 1.000000
DF_in_FDMTimeGreed : 20340920.000000, 10.052055, 10.301370, 0.992476
DF_in_FDMTimeGreed : 20340620.000000, 9.800000, 10.052055, 0.992319
DF_in_FDMTimeGreed : 20340320.000000, 9.547945, 9.800000, 0.992318
DF_in_FDMTimeGreed : 20331220.000000, 9.301370, 9.547945, 0.992502
RcvLastFixingPayoff_1F : -687742287.884628, -638748198.449008, -589693050.197447, -540576767.035465, -491399272.773792, -442160491.128151, -392860345.719226, -343498760.072546, -294075657.618255, -244590961.691156, -195044595.530443, -145436482.279670, -95766544.986641, -46034706.603197, 3759110.014789, 53614982.107607, 103532987.011822, 153513202.160350, 203555705.082623, 253660573.404697, 303827884.849362, 354057717.236282, 404350148.482078, 454705256.600497, 505123119.702513, 555603815.996429, 606147423.788024, 656754021.480668, 707423687.575433, 758156500.671229, 808952539.464922, 859811882.751450, 910734609.423945, 961720798.473863, 1012770528.991110, 1063883880.164148, 1115060931.280130, 1166301761.725023, 1217606450.983730, 1268975078.640204, 1320407724.377584, 1371904467.978315, 1423465389.324274, 1475090568.396886, 1526780085.277246, 1578534020.146274, 1630352453.284782, 1682235465.073661, 1734183135.993953, 1786195546.627021, 1838272777.654638, 1890414909.859133, 1942622024.123497, 1994894201.431549, 2047231522.868004, 2099634069.618645, 2152101922.970433, 2204635164.311626, 2257233875.131912, 2309898137.022540, 2362628031.676445, 2415423640.888367, 2468285046.554974, 2521212330.675017, 2574205575.349420, 2627264862.781439, 2680390275.276756, 2733581895.243655, 2786839805.193097, 2840164087.738877, 2893554825.597757, 2947012101.589583, 3000535998.637400, 3054126599.767615, 3107783988.110099, 3161508246.898321, 3215299459.469472, 3269157709.264616, 3323083079.828810, 3377075654.811209, 3431135517.965224, 3485262753.148654, 3539457444.323790, 3593719675.557579, 3648049531.021713, 3702447094.992800, 3756912451.852476, 3811445686.087517, 3866046882.290040, 3920716125.157519, 3975453499.493041, 4030259090.205345, 4085132982.308987, 4140075260.924489, 4195086011.278455, 4250165318.703677, 4305313268.639320, 4360529946.631011, 4415815438.331001, 4471169829.498278
PayLastFixingPayoff_1F : 12928000000.000000, 12928000000.000000, 12928000000.000000, 12928000000.000000, 12928000000.000000, 12928000000.000000, 12928000000.000000, 12928000000.000000, 12928000000.000000, 12928000000.000000, 12928000000.000000, 12928000000.000000, 12928000000.000000, 12928000000.000000, 12928000000.000000, 12928000000.000000, 12928000000.000000, 12928000000.000000, 12928000000.000000, 12928000000.000000, 12928000000.000000, 12928000000.000000, 12928000000.000000, 12928000000.000000, 12928000000.000000, 12928000000.000000, 12928000000.000000, 12928000000.000000, 12928000000.000000, 12928000000.000000, 12928000000.000000, 12928000000.000000, 12928000000.000000, 12928000000.000000, 12928000000.000000, 12928000000.000000, 12928000000.000000, 12928000000.000000, 12928000000.000000, 12928000000.000000, 12928000000.000000, 12928000000.000000, 12928000000.000000, 12928000000.000000, 12928000000.000000, 12928000000.000000, 12928000000.000000, 12928000000.000000, 12928000000.000000, 12928000000.000000, 12928000000.000000, 12928000000.000000, 12928000000.000000, 12928000000.000000, 12928000000.000000, 12928000000.000000, 12928000000.000000, 12928000000.000000, 12928000000.000000, 12928000000.000000, 12928000000.000000, 12928000000.000000, 12928000000.000000, 12928000000.000000, 12928000000.000000, 12928000000.000000, 12928000000.000000, 12928000000.000000, 12928000000.000000, 12928000000.000000, 12928000000.000000, 12928000000.000000, 12928000000.000000, 12928000000.000000, 12928000000.000000, 12928000000.000000, 12928000000.000000, 12928000000.000000, 12928000000.000000, 12928000000.000000, 12928000000.000000, 12928000000.000000, 12928000000.000000, 12928000000.000000, 12928000000.000000, 12928000000.000000, 12928000000.000000, 12928000000.000000, 12928000000.000000, 12928000000.000000, 12928000000.000000, 12928000000.000000, 12928000000.000000, 12928000000.000000, 12928000000.000000, 12928000000.000000, 12928000000.000000, 12928000000.000000, 12928000000.000000, 12928000000.000000
DF_in_FDMTimeGreed : 20331124.000000, 9.230137, 9.301370, 0.997831
RcvLastFixingPayoff_1F : -687742287.884628, -638748198.449008, -589693050.197447, -540576767.035465, -491399272.773792, -442160491.128151, -392860345.719226, -343498760.072546, -294075657.618255, -244590961.691156, -195044595.530443, -145436482.279670, -95766544.986641, -46034706.603197, 3759110.014789, 53614982.107607, 103532987.011822, 153513202.160350, 203555705.082623, 253660573.404697, 303827884.849362, 354057717.236282, 404350148.482078, 454705256.600497, 505123119.702513, 555603815.996429, 606147423.788024, 656754021.480668, 707423687.575433, 758156500.671229, 808952539.464922, 859811882.751450, 910734609.423945, 961720798.473863, 1012770528.991110, 1063883880.164148, 1115060931.280130, 1166301761.725023, 1217606450.983730, 1268975078.640204, 1320407724.377584, 1371904467.978315, 1423465389.324274, 1475090568.396886, 1526780085.277246, 1578534020.146274, 1630352453.284782, 1682235465.073661, 1734183135.993953, 1786195546.627021, 1838272777.654638, 1890414909.859133, 1942622024.123497, 1994894201.431549, 2047231522.868004, 2099634069.618645, 2152101922.970433, 2204635164.311626, 2257233875.131912, 2309898137.022540, 2362628031.676445, 2415423640.888367, 2468285046.554974, 2521212330.675017, 2574205575.349420, 2627264862.781439, 2680390275.276756, 2733581895.243655, 2786839805.193097, 2840164087.738877, 2893554825.597757, 2947012101.589583, 3000535998.637400, 3054126599.767615, 3107783988.110099, 3161508246.898321, 3215299459.469472, 3269157709.264616, 3323083079.828810, 3377075654.811209, 3431135517.965224, 3485262753.148654, 3539457444.323790, 3593719675.557579, 3648049531.021713, 3702447094.992800, 3756912451.852476, 3811445686.087517, 3866046882.290040, 3920716125.157519, 3975453499.493041, 4030259090.205345, 4085132982.308987, 4140075260.924489, 4195086011.278455, 4250165318.703677, 4305313268.639320, 4360529946.631011, 4415815438.331001, 4471169829.498278
PayLastFixingPayoff_1F : 12928000000.000000, 12928000000.000000, 12928000000.000000, 12928000000.000000, 12928000000.000000, 12928000000.000000, 12928000000.000000, 12928000000.000000, 12928000000.000000, 12928000000.000000, 12928000000.000000, 12928000000.000000, 12928000000.000000, 12928000000.000000, 12928000000.000000, 12928000000.000000, 12928000000.000000, 12928000000.000000, 12928000000.000000, 12928000000.000000, 12928000000.000000, 12928000000.000000, 12928000000.000000, 12928000000.000000, 12928000000.000000, 12928000000.000000, 12928000000.000000, 12928000000.000000, 12928000000.000000, 12928000000.000000, 12928000000.000000, 12928000000.000000, 12928000000.000000, 12928000000.000000, 12928000000.000000, 12928000000.000000, 12928000000.000000, 12928000000.000000, 12928000000.000000, 12928000000.000000, 12928000000.000000, 12928000000.000000, 12928000000.000000, 12928000000.000000, 12928000000.000000, 12928000000.000000, 12928000000.000000, 12928000000.000000, 12928000000.000000, 12928000000.000000, 12928000000.000000, 12928000000.000000, 12928000000.000000, 12928000000.000000, 12928000000.000000, 12928000000.000000, 12928000000.000000, 12928000000.000000, 12928000000.000000, 12928000000.000000, 12928000000.000000, 12928000000.000000, 12928000000.000000, 12928000000.000000, 12928000000.000000, 12928000000.000000, 12928000000.000000, 12928000000.000000, 12928000000.000000, 12928000000.000000, 12928000000.000000, 12928000000.000000, 12928000000.000000, 12928000000.000000, 12928000000.000000, 12928000000.000000, 12928000000.000000, 12928000000.000000, 12928000000.000000, 12928000000.000000, 12928000000.000000, 12928000000.000000, 12928000000.000000, 12928000000.000000, 12928000000.000000, 12928000000.000000, 12928000000.000000, 12928000000.000000, 12928000000.000000, 12928000000.000000, 12928000000.000000, 12928000000.000000, 12928000000.000000, 12928000000.000000, 12928000000.000000, 12928000000.000000, 12928000000.000000, 12928000000.000000, 12928000000.000000, 12928000000.000000
DF_in_FDMTimeGreed : 20330920.000000, 9.052055, 9.230137, 0.994594
DF_in_FDMTimeGreed : 20330620.000000, 8.800000, 9.052055, 0.992583
DF_in_FDMTimeGreed : 20330321.000000, 8.550685, 8.800000, 0.992708
DF_in_FDMTimeGreed : 20321220.000000, 8.301370, 8.550685, 0.992712
RcvLastFixingPayoff_1F : -683417571.734654, -635513723.117811, -587550174.396120, -539526851.168430, -491443678.940810, -443300583.126569, -395097489.045991, -346834321.926327, -298511006.901646, -250127469.012692, -201683633.206812, -153179424.337809, -104614767.165821, -55989586.357262, -7303806.484621, 41442647.973602, 90249852.633027, 139117883.203507, 188046815.489257, 237036725.388935, 286087688.895812, 335199782.097880, 384373081.177922, 433607662.413682, 482903602.177959, 532260976.938734, 581679863.259295, 631160337.798323, 680702477.310061, 730306358.644393, 779972058.746978, 829699654.659372, 879489223.519138, 929340842.559983, 979254589.111856, 1029230540.601075, 1079268774.550460, 1129369368.579449, 1179532400.404197, 1229757947.837720, 1280046088.790012, 1330396901.268154, 1380810463.376454, 1431286853.316544, 1481826149.387531, 1532428429.986086, 1583093773.606596, 1633822258.841259, 1684613964.380225, 1735468969.011711, 1786387351.622128, 1837369191.196182, 1888414566.817037, 1939523557.666398, 1990696243.024658, 2041932702.271010, 2093233014.883569, 2144597260.439511, 2196025518.615177, 2247517869.186195, 2299074392.027636, 2350695167.114099, 2402380274.519853, 2454129794.418965, 2505943807.085416, 2557822392.893222, 2609765632.316575, 2661773605.929955, 2713846394.408250, 2765984078.526905, 2818186739.162013, 2870454457.290473, 2922787313.990095, 2975185390.439727, 3027648767.919405, 3080177527.810431, 3132771751.595555, 3185431520.859055, 3238156917.286905, 3290948022.666865, 3343804918.888613, 3396727687.943904, 3449716411.926670, 3502771173.033136, 3555892053.561986, 3609079135.914449, 3662332502.594465, 3715652236.208777, 3769038419.467091, 3822491135.182178, 3876010466.270027, 3929596495.749954, 3983249306.744728, 4036968982.480724, 4090755606.288039, 4144609261.600600, 4198530031.956337, 4252518000.997287, 4306573252.469703, 4360695870.224229
PayLastFixingPayoff_1F : 11880000000.000000, 11880000000.000000, 11880000000.000000, 11880000000.000000, 11880000000.000000, 11880000000.000000, 11880000000.000000, 11880000000.000000, 11880000000.000000, 11880000000.000000, 11880000000.000000, 11880000000.000000, 11880000000.000000, 11880000000.000000, 11880000000.000000, 11880000000.000000, 11880000000.000000, 11880000000.000000, 11880000000.000000, 11880000000.000000, 11880000000.000000, 11880000000.000000, 11880000000.000000, 11880000000.000000, 11880000000.000000, 11880000000.000000, 11880000000.000000, 11880000000.000000, 11880000000.000000, 11880000000.000000, 11880000000.000000, 11880000000.000000, 11880000000.000000, 11880000000.000000, 11880000000.000000, 11880000000.000000, 11880000000.000000, 11880000000.000000, 11880000000.000000, 11880000000.000000, 11880000000.000000, 11880000000.000000, 11880000000.000000, 11880000000.000000, 11880000000.000000, 11880000000.000000, 11880000000.000000, 11880000000.000000, 11880000000.000000, 11880000000.000000, 11880000000.000000, 11880000000.000000, 11880000000.000000, 11880000000.000000, 11880000000.000000, 11880000000.000000, 11880000000.000000, 11880000000.000000, 11880000000.000000, 11880000000.000000, 11880000000.000000, 11880000000.000000, 11880000000.000000, 11880000000.000000, 11880000000.000000, 11880000000.000000, 11880000000.000000, 11880000000.000000, 11880000000.000000, 11880000000.000000, 11880000000.000000, 11880000000.000000, 11880000000.000000, 11880000000.000000, 11880000000.000000, 11880000000.000000, 11880000000.000000, 11880000000.000000, 11880000000.000000, 11880000000.000000, 11880000000.000000, 11880000000.000000, 11880000000.000000, 11880000000.000000, 11880000000.000000, 11880000000.000000, 11880000000.000000, 11880000000.000000, 11880000000.000000, 11880000000.000000, 11880000000.000000, 11880000000.000000, 11880000000.000000, 11880000000.000000, 11880000000.000000, 11880000000.000000, 11880000000.000000, 11880000000.000000, 11880000000.000000, 11880000000.000000
DF_in_FDMTimeGreed : 20321124.000000, 8.230137, 8.301370, 0.997913
RcvLastFixingPayoff_1F : -683417571.734654, -635513723.117811, -587550174.396120, -539526851.168430, -491443678.940810, -443300583.126569, -395097489.045991, -346834321.926327, -298511006.901646, -250127469.012692, -201683633.206812, -153179424.337809, -104614767.165821, -55989586.357262, -7303806.484621, 41442647.973602, 90249852.633027, 139117883.203507, 188046815.489257, 237036725.388935, 286087688.895812, 335199782.097880, 384373081.177922, 433607662.413682, 482903602.177959, 532260976.938734, 581679863.259295, 631160337.798323, 680702477.310061, 730306358.644393, 779972058.746978, 829699654.659372, 879489223.519138, 929340842.559983, 979254589.111856, 1029230540.601075, 1079268774.550460, 1129369368.579449, 1179532400.404197, 1229757947.837720, 1280046088.790012, 1330396901.268154, 1380810463.376454, 1431286853.316544, 1481826149.387531, 1532428429.986086, 1583093773.606596, 1633822258.841259, 1684613964.380225, 1735468969.011711, 1786387351.622128, 1837369191.196182, 1888414566.817037, 1939523557.666398, 1990696243.024658, 2041932702.271010, 2093233014.883569, 2144597260.439511, 2196025518.615177, 2247517869.186195, 2299074392.027636, 2350695167.114099, 2402380274.519853, 2454129794.418965, 2505943807.085416, 2557822392.893222, 2609765632.316575, 2661773605.929955, 2713846394.408250, 2765984078.526905, 2818186739.162013, 2870454457.290473, 2922787313.990095, 2975185390.439727, 3027648767.919405, 3080177527.810431, 3132771751.595555, 3185431520.859055, 3238156917.286905, 3290948022.666865, 3343804918.888613, 3396727687.943904, 3449716411.926670, 3502771173.033136, 3555892053.561986, 3609079135.914449, 3662332502.594465, 3715652236.208777, 3769038419.467091, 3822491135.182178, 3876010466.270027, 3929596495.749954, 3983249306.744728, 4036968982.480724, 4090755606.288039, 4144609261.600600, 4198530031.956337, 4252518000.997287, 4306573252.469703, 4360695870.224229
PayLastFixingPayoff_1F : 11880000000.000000, 11880000000.000000, 11880000000.000000, 11880000000.000000, 11880000000.000000, 11880000000.000000, 11880000000.000000, 11880000000.000000, 11880000000.000000, 11880000000.000000, 11880000000.000000, 11880000000.000000, 11880000000.000000, 11880000000.000000, 11880000000.000000, 11880000000.000000, 11880000000.000000, 11880000000.000000, 11880000000.000000, 11880000000.000000, 11880000000.000000, 11880000000.000000, 11880000000.000000, 11880000000.000000, 11880000000.000000, 11880000000.000000, 11880000000.000000, 11880000000.000000, 11880000000.000000, 11880000000.000000, 11880000000.000000, 11880000000.000000, 11880000000.000000, 11880000000.000000, 11880000000.000000, 11880000000.000000, 11880000000.000000, 11880000000.000000, 11880000000.000000, 11880000000.000000, 11880000000.000000, 11880000000.000000, 11880000000.000000, 11880000000.000000, 11880000000.000000, 11880000000.000000, 11880000000.000000, 11880000000.000000, 11880000000.000000, 11880000000.000000, 11880000000.000000, 11880000000.000000, 11880000000.000000, 11880000000.000000, 11880000000.000000, 11880000000.000000, 11880000000.000000, 11880000000.000000, 11880000000.000000, 11880000000.000000, 11880000000.000000, 11880000000.000000, 11880000000.000000, 11880000000.000000, 11880000000.000000, 11880000000.000000, 11880000000.000000, 11880000000.000000, 11880000000.000000, 11880000000.000000, 11880000000.000000, 11880000000.000000, 11880000000.000000, 11880000000.000000, 11880000000.000000, 11880000000.000000, 11880000000.000000, 11880000000.000000, 11880000000.000000, 11880000000.000000, 11880000000.000000, 11880000000.000000, 11880000000.000000, 11880000000.000000, 11880000000.000000, 11880000000.000000, 11880000000.000000, 11880000000.000000, 11880000000.000000, 11880000000.000000, 11880000000.000000, 11880000000.000000, 11880000000.000000, 11880000000.000000, 11880000000.000000, 11880000000.000000, 11880000000.000000, 11880000000.000000, 11880000000.000000, 11880000000.000000
DF_in_FDMTimeGreed : 20320922.000000, 8.057534, 8.230137, 0.994952
DF_in_FDMTimeGreed : 20320621.000000, 7.802740, 8.057534, 0.992424
DF_in_FDMTimeGreed : 20320322.000000, 7.553425, 7.802740, 0.992572
DF_in_FDMTimeGreed : 20311222.000000, 7.304110, 7.553425, 0.992586
RcvLastFixingPayoff_1F : -694186082.420578, -645200023.554953, -596152915.881472, -547044683.318139, -497875249.688138, -448644538.719737, -399352474.046134, -349998979.205360, -300583977.640150, -251107392.697828, -201569147.630212, -151969165.593450, -102307369.647926, -52583682.758141, -2798027.792591, 47049672.476338, 96959495.372531, 146931518.316231, 196965818.824153, 247062474.509622, 297221563.082703, 347443162.350284, 397727350.216238, 448074204.681515, 498483803.844283, 548956225.900029, 599491549.141693, 650089851.959796, 700751212.842546, 751475710.375973, 802263423.244035, 853114430.228755, 904028810.210346, 955006642.167302, 1006048005.176569, 1057152978.413637, 1108321641.152658, 1159554072.766586, 1210850352.727288, 1262210560.605690, 1313634776.071863, 1365123078.895169, 1416675548.944393, 1468292266.187860, 1519973310.693534, 1571718762.629181, 1623528702.262472, 1675403209.961112, 1727342366.192955, 1779346251.526155, 1831414946.629258, 1883548532.271352, 1935747089.322184, 1988010698.752283, 2040339441.633080, 2092733399.137048, 2145192652.537829, 2197717283.210336, 2250307372.630906, 2302963002.377405, 2355684254.129389, 2408471209.668177, 2461323950.877030, 2514242559.741247, 2567227118.348300, 2620277708.887960, 2673394413.652444, 2726577315.036504, 2779826495.537586, 2833142037.755942, 2886524024.394784, 2939972538.260369, 2993487662.262161, 3047069479.412954, 3100718072.828992, 3154433525.730096, 3208215921.439814, 3262065343.385525, 3315981875.098585, 3369965600.214444, 3424016602.472795, 3478134965.717672, 3532320773.897618, 3586574111.065790, 3640895061.380101, 3695283709.103325, 3749740138.603279, 3804264434.352897, 3858856680.930408, 3913516963.019427, 3968245365.409128, 4023041972.994335, 4077906870.775671, 4132840143.859708, 4187841877.459072, 4242912156.892577, 4298051067.585382, 4353258695.069098, 4408535124.981918, 4463880443.068791
PayLastFixingPayoff_1F : 10852000000.000000, 10852000000.000000, 10852000000.000000, 10852000000.000000, 10852000000.000000, 10852000000.000000, 10852000000.000000, 10852000000.000000, 10852000000.000000, 10852000000.000000, 10852000000.000000, 10852000000.000000, 10852000000.000000, 10852000000.000000, 10852000000.000000, 10852000000.000000, 10852000000.000000, 10852000000.000000, 10852000000.000000, 10852000000.000000, 10852000000.000000, 10852000000.000000, 10852000000.000000, 10852000000.000000, 10852000000.000000, 10852000000.000000, 10852000000.000000, 10852000000.000000, 10852000000.000000, 10852000000.000000, 10852000000.000000, 10852000000.000000, 10852000000.000000, 10852000000.000000, 10852000000.000000, 10852000000.000000, 10852000000.000000, 10852000000.000000, 10852000000.000000, 10852000000.000000, 10852000000.000000, 10852000000.000000, 10852000000.000000, 10852000000.000000, 10852000000.000000, 10852000000.000000, 10852000000.000000, 10852000000.000000, 10852000000.000000, 10852000000.000000, 10852000000.000000, 10852000000.000000, 10852000000.000000, 10852000000.000000, 10852000000.000000, 10852000000.000000, 10852000000.000000, 10852000000.000000, 10852000000.000000, 10852000000.000000, 10852000000.000000, 10852000000.000000, 10852000000.000000, 10852000000.000000, 10852000000.000000, 10852000000.000000, 10852000000.000000, 10852000000.000000, 10852000000.000000, 10852000000.000000, 10852000000.000000, 10852000000.000000, 10852000000.000000, 10852000000.000000, 10852000000.000000, 10852000000.000000, 10852000000.000000, 10852000000.000000, 10852000000.000000, 10852000000.000000, 10852000000.000000, 10852000000.000000, 10852000000.000000, 10852000000.000000, 10852000000.000000, 10852000000.000000, 10852000000.000000, 10852000000.000000, 10852000000.000000, 10852000000.000000, 10852000000.000000, 10852000000.000000, 10852000000.000000, 10852000000.000000, 10852000000.000000, 10852000000.000000, 10852000000.000000, 10852000000.000000, 10852000000.000000, 10852000000.000000
DF_in_FDMTimeGreed : 20311126.000000, 7.232877, 7.304110, 0.997879
RcvLastFixingPayoff_1F : -694186082.420578, -645200023.554953, -596152915.881472, -547044683.318139, -497875249.688138, -448644538.719737, -399352474.046134, -349998979.205360, -300583977.640150, -251107392.697828, -201569147.630212, -151969165.593450, -102307369.647926, -52583682.758141, -2798027.792591, 47049672.476338, 96959495.372531, 146931518.316231, 196965818.824153, 247062474.509622, 297221563.082703, 347443162.350284, 397727350.216238, 448074204.681515, 498483803.844283, 548956225.900029, 599491549.141693, 650089851.959796, 700751212.842546, 751475710.375973, 802263423.244035, 853114430.228755, 904028810.210346, 955006642.167302, 1006048005.176569, 1057152978.413637, 1108321641.152658, 1159554072.766586, 1210850352.727288, 1262210560.605690, 1313634776.071863, 1365123078.895169, 1416675548.944393, 1468292266.187860, 1519973310.693534, 1571718762.629181, 1623528702.262472, 1675403209.961112, 1727342366.192955, 1779346251.526155, 1831414946.629258, 1883548532.271352, 1935747089.322184, 1988010698.752283, 2040339441.633080, 2092733399.137048, 2145192652.537829, 2197717283.210336, 2250307372.630906, 2302963002.377405, 2355684254.129389, 2408471209.668177, 2461323950.877030, 2514242559.741247, 2567227118.348300, 2620277708.887960, 2673394413.652444, 2726577315.036504, 2779826495.537586, 2833142037.755942, 2886524024.394784, 2939972538.260369, 2993487662.262161, 3047069479.412954, 3100718072.828992, 3154433525.730096, 3208215921.439814, 3262065343.385525, 3315981875.098585, 3369965600.214444, 3424016602.472795, 3478134965.717672, 3532320773.897618, 3586574111.065790, 3640895061.380101, 3695283709.103325, 3749740138.603279, 3804264434.352897, 3858856680.930408, 3913516963.019427, 3968245365.409128, 4023041972.994335, 4077906870.775671, 4132840143.859708, 4187841877.459072, 4242912156.892577, 4298051067.585382, 4353258695.069098, 4408535124.981918, 4463880443.068791
PayLastFixingPayoff_1F : 10852000000.000000, 10852000000.000000, 10852000000.000000, 10852000000.000000, 10852000000.000000, 10852000000.000000, 10852000000.000000, 10852000000.000000, 10852000000.000000, 10852000000.000000, 10852000000.000000, 10852000000.000000, 10852000000.000000, 10852000000.000000, 10852000000.000000, 10852000000.000000, 10852000000.000000, 10852000000.000000, 10852000000.000000, 10852000000.000000, 10852000000.000000, 10852000000.000000, 10852000000.000000, 10852000000.000000, 10852000000.000000, 10852000000.000000, 10852000000.000000, 10852000000.000000, 10852000000.000000, 10852000000.000000, 10852000000.000000, 10852000000.000000, 10852000000.000000, 10852000000.000000, 10852000000.000000, 10852000000.000000, 10852000000.000000, 10852000000.000000, 10852000000.000000, 10852000000.000000, 10852000000.000000, 10852000000.000000, 10852000000.000000, 10852000000.000000, 10852000000.000000, 10852000000.000000, 10852000000.000000, 10852000000.000000, 10852000000.000000, 10852000000.000000, 10852000000.000000, 10852000000.000000, 10852000000.000000, 10852000000.000000, 10852000000.000000, 10852000000.000000, 10852000000.000000, 10852000000.000000, 10852000000.000000, 10852000000.000000, 10852000000.000000, 10852000000.000000, 10852000000.000000, 10852000000.000000, 10852000000.000000, 10852000000.000000, 10852000000.000000, 10852000000.000000, 10852000000.000000, 10852000000.000000, 10852000000.000000, 10852000000.000000, 10852000000.000000, 10852000000.000000, 10852000000.000000, 10852000000.000000, 10852000000.000000, 10852000000.000000, 10852000000.000000, 10852000000.000000, 10852000000.000000, 10852000000.000000, 10852000000.000000, 10852000000.000000, 10852000000.000000, 10852000000.000000, 10852000000.000000, 10852000000.000000, 10852000000.000000, 10852000000.000000, 10852000000.000000, 10852000000.000000, 10852000000.000000, 10852000000.000000, 10852000000.000000, 10852000000.000000, 10852000000.000000, 10852000000.000000, 10852000000.000000, 10852000000.000000
DF_in_FDMTimeGreed : 20310922.000000, 7.054795, 7.232877, 0.994710
DF_in_FDMTimeGreed : 20310620.000000, 6.797260, 7.054795, 0.992406
DF_in_FDMTimeGreed : 20310320.000000, 6.545205, 6.797260, 0.992587
DF_in_FDMTimeGreed : 20301220.000000, 6.298630, 6.545205, 0.992758
RcvLastFixingPayoff_1F : -697707611.528244, -648725941.363383, -599683227.860071, -550579394.943145, -501414366.442595, -452188066.093539, -402900417.536016, -353551344.314880, -304140769.879758, -254668617.584826, -205134810.688786, -155539272.354660, -105881925.649726, -56162693.545398, -6381498.917081, 43461735.455937, 93367086.890602, 143334632.800217, 193364450.694562, 243456618.179998, 293611212.959634, 343828312.833383, 394107995.698149, 444450339.547879, 494855422.473755, 545323322.664248, 595854118.405304, 646447888.080399, 697104710.170725, 747824663.255257, 798607826.010914, 849454277.212655, 900364095.733627, 951337360.545257, 1002374150.717396, 1053474545.418439, 1104638623.915448, 1155866465.574254, 1207158149.859618, 1258513756.335317, 1309933364.664300, 1361417054.608779, 1412964906.030389, 1464576998.890266, 1516253413.249228, 1567994229.267851, 1619799527.206611, 1671669387.426014, 1723603890.386703, 1775603116.649620, 1827667146.876081, 1879796061.827939, 1931989942.367690, 1984248869.458610, 2036572924.164870, 2088962187.651673, 2141416741.185377, 2193936666.133602, 2246522043.965384, 2299172956.251294, 2351889484.663552, 2404671710.976163, 2457519717.065045, 2510433584.908153, 2563413396.585608, 2616459234.279818, 2669571180.275622, 2722749316.960388, 2775993726.824182, 2829304492.459859, 2882681696.563195, 2936125421.933055, 2989635751.471467, 3043212768.183778, 3096856555.178800, 3150567195.668899, 3204344772.970145, 3258189370.502445, 3312101071.789687, 3366079960.459806, 3420126120.245001, 3474239634.981810, 3528420588.611235, 3582669065.178907, 3636985148.835198, 3691368923.835344, 3745820474.539591, 3800339885.413311, 3854927241.027153, 3909582626.057155, 3964306125.284869, 4019097823.597538, 4073957805.988172, 4128886157.555697, 4183882963.505109, 4238948309.147603, 4294082279.900657, 4349284961.288227, 4404556438.940844, 4459896798.595762
PayLastFixingPayoff_1F : 9844000000.000000, 9844000000.000000, 9844000000.000000, 9844000000.000000, 9844000000.000000, 9844000000.000000, 9844000000.000000, 9844000000.000000, 9844000000.000000, 9844000000.000000, 9844000000.000000, 9844000000.000000, 9844000000.000000, 9844000000.000000, 9844000000.000000, 9844000000.000000, 9844000000.000000, 9844000000.000000, 9844000000.000000, 9844000000.000000, 9844000000.000000, 9844000000.000000, 9844000000.000000, 9844000000.000000, 9844000000.000000, 9844000000.000000, 9844000000.000000, 9844000000.000000, 9844000000.000000, 9844000000.000000, 9844000000.000000, 9844000000.000000, 9844000000.000000, 9844000000.000000, 9844000000.000000, 9844000000.000000, 9844000000.000000, 9844000000.000000, 9844000000.000000, 9844000000.000000, 9844000000.000000, 9844000000.000000, 9844000000.000000, 9844000000.000000, 9844000000.000000, 9844000000.000000, 9844000000.000000, 9844000000.000000, 9844000000.000000, 9844000000.000000, 9844000000.000000, 9844000000.000000, 9844000000.000000, 9844000000.000000, 9844000000.000000, 9844000000.000000, 9844000000.000000, 9844000000.000000, 9844000000.000000, 9844000000.000000, 9844000000.000000, 9844000000.000000, 9844000000.000000, 9844000000.000000, 9844000000.000000, 9844000000.000000, 9844000000.000000, 9844000000.000000, 9844000000.000000, 9844000000.000000, 9844000000.000000, 9844000000.000000, 9844000000.000000, 9844000000.000000, 9844000000.000000, 9844000000.000000, 9844000000.000000, 9844000000.000000, 9844000000.000000, 9844000000.000000, 9844000000.000000, 9844000000.000000, 9844000000.000000, 9844000000.000000, 9844000000.000000, 9844000000.000000, 9844000000.000000, 9844000000.000000, 9844000000.000000, 9844000000.000000, 9844000000.000000, 9844000000.000000, 9844000000.000000, 9844000000.000000, 9844000000.000000, 9844000000.000000, 9844000000.000000, 9844000000.000000, 9844000000.000000, 9844000000.000000
DF_in_FDMTimeGreed : 20301126.000000, 6.232877, 6.298630, 0.998065
RcvLastFixingPayoff_1F : -697707611.528244, -648725941.363383, -599683227.860071, -550579394.943145, -501414366.442595, -452188066.093539, -402900417.536016, -353551344.314880, -304140769.879758, -254668617.584826, -205134810.688786, -155539272.354660, -105881925.649726, -56162693.545398, -6381498.917081, 43461735.455937, 93367086.890602, 143334632.800217, 193364450.694562, 243456618.179998, 293611212.959634, 343828312.833383, 394107995.698149, 444450339.547879, 494855422.473755, 545323322.664248, 595854118.405304, 646447888.080399, 697104710.170725, 747824663.255257, 798607826.010914, 849454277.212655, 900364095.733627, 951337360.545257, 1002374150.717396, 1053474545.418439, 1104638623.915448, 1155866465.574254, 1207158149.859618, 1258513756.335317, 1309933364.664300, 1361417054.608779, 1412964906.030389, 1464576998.890266, 1516253413.249228, 1567994229.267851, 1619799527.206611, 1671669387.426014, 1723603890.386703, 1775603116.649620, 1827667146.876081, 1879796061.827939, 1931989942.367690, 1984248869.458610, 2036572924.164870, 2088962187.651673, 2141416741.185377, 2193936666.133602, 2246522043.965384, 2299172956.251294, 2351889484.663552, 2404671710.976163, 2457519717.065045, 2510433584.908153, 2563413396.585608, 2616459234.279818, 2669571180.275622, 2722749316.960388, 2775993726.824182, 2829304492.459859, 2882681696.563195, 2936125421.933055, 2989635751.471467, 3043212768.183778, 3096856555.178800, 3150567195.668899, 3204344772.970145, 3258189370.502445, 3312101071.789687, 3366079960.459806, 3420126120.245001, 3474239634.981810, 3528420588.611235, 3582669065.178907, 3636985148.835198, 3691368923.835344, 3745820474.539591, 3800339885.413311, 3854927241.027153, 3909582626.057155, 3964306125.284869, 4019097823.597538, 4073957805.988172, 4128886157.555697, 4183882963.505109, 4238948309.147603, 4294082279.900657, 4349284961.288227, 4404556438.940844, 4459896798.595762
PayLastFixingPayoff_1F : 9844000000.000000, 9844000000.000000, 9844000000.000000, 9844000000.000000, 9844000000.000000, 9844000000.000000, 9844000000.000000, 9844000000.000000, 9844000000.000000, 9844000000.000000, 9844000000.000000, 9844000000.000000, 9844000000.000000, 9844000000.000000, 9844000000.000000, 9844000000.000000, 9844000000.000000, 9844000000.000000, 9844000000.000000, 9844000000.000000, 9844000000.000000, 9844000000.000000, 9844000000.000000, 9844000000.000000, 9844000000.000000, 9844000000.000000, 9844000000.000000, 9844000000.000000, 9844000000.000000, 9844000000.000000, 9844000000.000000, 9844000000.000000, 9844000000.000000, 9844000000.000000, 9844000000.000000, 9844000000.000000, 9844000000.000000, 9844000000.000000, 9844000000.000000, 9844000000.000000, 9844000000.000000, 9844000000.000000, 9844000000.000000, 9844000000.000000, 9844000000.000000, 9844000000.000000, 9844000000.000000, 9844000000.000000, 9844000000.000000, 9844000000.000000, 9844000000.000000, 9844000000.000000, 9844000000.000000, 9844000000.000000, 9844000000.000000, 9844000000.000000, 9844000000.000000, 9844000000.000000, 9844000000.000000, 9844000000.000000, 9844000000.000000, 9844000000.000000, 9844000000.000000, 9844000000.000000, 9844000000.000000, 9844000000.000000, 9844000000.000000, 9844000000.000000, 9844000000.000000, 9844000000.000000, 9844000000.000000, 9844000000.000000, 9844000000.000000, 9844000000.000000, 9844000000.000000, 9844000000.000000, 9844000000.000000, 9844000000.000000, 9844000000.000000, 9844000000.000000, 9844000000.000000, 9844000000.000000, 9844000000.000000, 9844000000.000000, 9844000000.000000, 9844000000.000000, 9844000000.000000, 9844000000.000000, 9844000000.000000, 9844000000.000000, 9844000000.000000, 9844000000.000000, 9844000000.000000, 9844000000.000000, 9844000000.000000, 9844000000.000000, 9844000000.000000, 9844000000.000000, 9844000000.000000, 9844000000.000000
DF_in_FDMTimeGreed : 20300920.000000, 6.049315, 6.232877, 0.994613
DF_in_FDMTimeGreed : 20300620.000000, 5.797260, 6.049315, 0.992780
DF_in_FDMTimeGreed : 20300320.000000, 5.545205, 5.797260, 0.992809
DF_in_FDMTimeGreed : 20291220.000000, 5.298630, 5.545205, 0.992959
RcvLastFixingPayoff_1F : -705113751.815410, -656141311.542601, -607107839.434088, -558013259.429015, -508857495.371783, -459640471.011818, -410362110.003562, -361022335.906314, -311621072.184090, -262158242.205525, -212633769.243771, -163047576.476330, -113399586.984980, -63689723.755659, -13917909.678289, 35915932.453280, 85811879.941425, 135770010.184860, 185790400.678775, 235873129.014899, 286018272.881684, 336225910.064401, 386496118.445263, 436828976.003540, 487224560.815676, 537682951.055423, 588204224.993963, 638788461.000020, 689435737.539974, 740146133.178014, 790919726.576219, 841756596.494714, 892656821.791775, 943620481.423952, 994647654.446206, 1045738420.011997, 1096892857.373456, 1148111045.881462, 1199393064.985797, 1250738994.235253, 1302148913.277757, 1353622901.860508, 1405161039.830065, 1456763407.132531, 1508430083.813613, 1560161150.018785, 1611956685.993400, 1663816772.082828, 1715741488.732553, 1767730916.488319, 1819785135.996259, 1871904228.002998, 1924088273.355801, 1976337353.002682, 2028651547.992545, 2081030939.475291, 2133475608.701960, 2185985637.024854, 2238561105.897649, 2291202096.875540, 2343908691.615365, 2396680971.875721, 2449519019.517089, 2502422916.501984, 2555392744.895059, 2608428586.863234, 2661530524.675841, 2714698640.704731, 2767933017.424417, 2821233737.412188, 2874600883.348256, 2928034538.015863, 2981534784.301424, 3035101705.194649, 3088735383.788681, 3142435903.280205, 3196203346.969600, 3250037798.261051, 3303939340.662696, 3357908057.786734, 3411944033.349567, 3466047351.171942, 3520218095.179039, 3574456349.400657, 3628762197.971306, 3683135725.130354, 3737577015.222146, 3792086152.696137, 3846663222.107035, 3901308308.114923, 3956021495.485403, 4010802869.089677, 4065652513.904766, 4120570515.013564, 4175556957.605007, 4230611926.974204, 4285735508.522541, 4340927787.757874, 4396188850.294579, 4451518781.853762
PayLastFixingPayoff_1F : 8856000000.000000, 8856000000.000000, 8856000000.000000, 8856000000.000000, 8856000000.000000, 8856000000.000000, 8856000000.000000, 8856000000.000000, 8856000000.000000, 8856000000.000000, 8856000000.000000, 8856000000.000000, 8856000000.000000, 8856000000.000000, 8856000000.000000, 8856000000.000000, 8856000000.000000, 8856000000.000000, 8856000000.000000, 8856000000.000000, 8856000000.000000, 8856000000.000000, 8856000000.000000, 8856000000.000000, 8856000000.000000, 8856000000.000000, 8856000000.000000, 8856000000.000000, 8856000000.000000, 8856000000.000000, 8856000000.000000, 8856000000.000000, 8856000000.000000, 8856000000.000000, 8856000000.000000, 8856000000.000000, 8856000000.000000, 8856000000.000000, 8856000000.000000, 8856000000.000000, 8856000000.000000, 8856000000.000000, 8856000000.000000, 8856000000.000000, 8856000000.000000, 8856000000.000000, 8856000000.000000, 8856000000.000000, 8856000000.000000, 8856000000.000000, 8856000000.000000, 8856000000.000000, 8856000000.000000, 8856000000.000000, 8856000000.000000, 8856000000.000000, 8856000000.000000, 8856000000.000000, 8856000000.000000, 8856000000.000000, 8856000000.000000, 8856000000.000000, 8856000000.000000, 8856000000.000000, 8856000000.000000, 8856000000.000000, 8856000000.000000, 8856000000.000000, 8856000000.000000, 8856000000.000000, 8856000000.000000, 8856000000.000000, 8856000000.000000, 8856000000.000000, 8856000000.000000, 8856000000.000000, 8856000000.000000, 8856000000.000000, 8856000000.000000, 8856000000.000000, 8856000000.000000, 8856000000.000000, 8856000000.000000, 8856000000.000000, 8856000000.000000, 8856000000.000000, 8856000000.000000, 8856000000.000000, 8856000000.000000, 8856000000.000000, 8856000000.000000, 8856000000.000000, 8856000000.000000, 8856000000.000000, 8856000000.000000, 8856000000.000000, 8856000000.000000, 8856000000.000000, 8856000000.000000, 8856000000.000000
DF_in_FDMTimeGreed : 20291126.000000, 5.232877, 5.298630, 0.998117
RcvLastFixingPayoff_1F : -705113751.815410, -656141311.542601, -607107839.434088, -558013259.429015, -508857495.371783, -459640471.011818, -410362110.003562, -361022335.906314, -311621072.184090, -262158242.205525, -212633769.243771, -163047576.476330, -113399586.984980, -63689723.755659, -13917909.678289, 35915932.453280, 85811879.941425, 135770010.184860, 185790400.678775, 235873129.014899, 286018272.881684, 336225910.064401, 386496118.445263, 436828976.003540, 487224560.815676, 537682951.055423, 588204224.993963, 638788461.000020, 689435737.539974, 740146133.178014, 790919726.576219, 841756596.494714, 892656821.791775, 943620481.423952, 994647654.446206, 1045738420.011997, 1096892857.373456, 1148111045.881462, 1199393064.985797, 1250738994.235253, 1302148913.277757, 1353622901.860508, 1405161039.830065, 1456763407.132531, 1508430083.813613, 1560161150.018785, 1611956685.993400, 1663816772.082828, 1715741488.732553, 1767730916.488319, 1819785135.996259, 1871904228.002998, 1924088273.355801, 1976337353.002682, 2028651547.992545, 2081030939.475291, 2133475608.701960, 2185985637.024854, 2238561105.897649, 2291202096.875540, 2343908691.615365, 2396680971.875721, 2449519019.517089, 2502422916.501984, 2555392744.895059, 2608428586.863234, 2661530524.675841, 2714698640.704731, 2767933017.424417, 2821233737.412188, 2874600883.348256, 2928034538.015863, 2981534784.301424, 3035101705.194649, 3088735383.788681, 3142435903.280205, 3196203346.969600, 3250037798.261051, 3303939340.662696, 3357908057.786734, 3411944033.349567, 3466047351.171942, 3520218095.179039, 3574456349.400657, 3628762197.971306, 3683135725.130354, 3737577015.222146, 3792086152.696137, 3846663222.107035, 3901308308.114923, 3956021495.485403, 4010802869.089677, 4065652513.904766, 4120570515.013564, 4175556957.605007, 4230611926.974204, 4285735508.522541, 4340927787.757874, 4396188850.294579, 4451518781.853762
PayLastFixingPayoff_1F : 8856000000.000000, 8856000000.000000, 8856000000.000000, 8856000000.000000, 8856000000.000000, 8856000000.000000, 8856000000.000000, 8856000000.000000, 8856000000.000000, 8856000000.000000, 8856000000.000000, 8856000000.000000, 8856000000.000000, 8856000000.000000, 8856000000.000000, 8856000000.000000, 8856000000.000000, 8856000000.000000, 8856000000.000000, 8856000000.000000, 8856000000.000000, 8856000000.000000, 8856000000.000000, 8856000000.000000, 8856000000.000000, 8856000000.000000, 8856000000.000000, 8856000000.000000, 8856000000.000000, 8856000000.000000, 8856000000.000000, 8856000000.000000, 8856000000.000000, 8856000000.000000, 8856000000.000000, 8856000000.000000, 8856000000.000000, 8856000000.000000, 8856000000.000000, 8856000000.000000, 8856000000.000000, 8856000000.000000, 8856000000.000000, 8856000000.000000, 8856000000.000000, 8856000000.000000, 8856000000.000000, 8856000000.000000, 8856000000.000000, 8856000000.000000, 8856000000.000000, 8856000000.000000, 8856000000.000000, 8856000000.000000, 8856000000.000000, 8856000000.000000, 8856000000.000000, 8856000000.000000, 8856000000.000000, 8856000000.000000, 8856000000.000000, 8856000000.000000, 8856000000.000000, 8856000000.000000, 8856000000.000000, 8856000000.000000, 8856000000.000000, 8856000000.000000, 8856000000.000000, 8856000000.000000, 8856000000.000000, 8856000000.000000, 8856000000.000000, 8856000000.000000, 8856000000.000000, 8856000000.000000, 8856000000.000000, 8856000000.000000, 8856000000.000000, 8856000000.000000, 8856000000.000000, 8856000000.000000, 8856000000.000000, 8856000000.000000, 8856000000.000000, 8856000000.000000, 8856000000.000000, 8856000000.000000, 8856000000.000000, 8856000000.000000, 8856000000.000000, 8856000000.000000, 8856000000.000000, 8856000000.000000, 8856000000.000000, 8856000000.000000, 8856000000.000000, 8856000000.000000, 8856000000.000000, 8856000000.000000
DF_in_FDMTimeGreed : 20290920.000000, 5.049315, 5.232877, 0.994749
DF_in_FDMTimeGreed : 20290620.000000, 4.797260, 5.049315, 0.992815
DF_in_FDMTimeGreed : 20290320.000000, 4.545205, 4.797260, 0.992811
DF_in_FDMTimeGreed : 20281220.000000, 4.298630, 4.545205, 0.992958
RcvLastFixingPayoff_1F : -704945883.098721, -655973233.619754, -606939552.044364, -557844762.311371, -508688788.264829, -459471553.653873, -410192982.132598, -360852997.259971, -311451522.499694, -261988481.220079, -212463796.693920, -162877392.098432, -113229190.515043, -63519114.929351, -13747088.230972, 36086966.786588, 85983127.426041, 135941471.086418, 185962075.263238, 236045017.548571, 286190375.631201, 336398227.296736, 386668650.427714, 437001723.003730, 487397523.101576, 537856128.895336, 588377618.656515, 638962070.754182, 689609563.655053, 740320175.923644, 791093986.222381, 841931073.311718, 892831516.050273, 943795393.394928, 994822784.400975, 1045913768.222233, 1097068424.111157, 1148286831.418964, 1199569069.595783, 1250915218.190739, 1302325356.852107, 1353799565.327413, 1405337923.463576, 1456940511.207022, 1508607408.603808, 1560338695.799752, 1612134453.040558, 1663994760.671919, 1715919699.139673, 1767909348.989911, 1819963790.869111, 1872083105.524237, 1924267373.802902, 1976516676.653465, 2028831095.125175, 2081210710.368290, 2133655603.634188, 2186165856.275509, 2238741549.746299, 2291382765.602089, 2344089585.500061, 2396862091.199169, 2449700364.560245, 2502604487.546148, 2555574542.221883, 2608610610.754730, 2661712775.414357, 2714881118.572976, 2768115722.705448, 2821416670.389430, 2874784044.305459, 2928217927.237153, 2981718402.071277, 3035285551.797898, 3088919459.510503, 3142620208.406138, 3196387881.785537, 3250222563.053249, 3304124335.717758, 3358093283.391629, 3412129489.791615, 3466233038.738820, 3520404014.158791, 3574642500.081681, 3628948580.642359, 3683322340.080552, 3737763862.740964, 3792273233.073414, 3846850535.632978, 3901495855.080092, 3956209276.180703, 4010990883.806417, 4065840762.934586, 4120758998.648477, 4175745676.137385, 4230800880.696792, 4285924697.728452, 4341117212.740558, 4396378511.347888, 4451708679.271895
PayLastFixingPayoff_1F : 7892000000.000000, 7892000000.000000, 7892000000.000000, 7892000000.000000, 7892000000.000000, 7892000000.000000, 7892000000.000000, 7892000000.000000, 7892000000.000000, 7892000000.000000, 7892000000.000000, 7892000000.000000, 7892000000.000000, 7892000000.000000, 7892000000.000000, 7892000000.000000, 7892000000.000000, 7892000000.000000, 7892000000.000000, 7892000000.000000, 7892000000.000000, 7892000000.000000, 7892000000.000000, 7892000000.000000, 7892000000.000000, 7892000000.000000, 7892000000.000000, 7892000000.000000, 7892000000.000000, 7892000000.000000, 7892000000.000000, 7892000000.000000, 7892000000.000000, 7892000000.000000, 7892000000.000000, 7892000000.000000, 7892000000.000000, 7892000000.000000, 7892000000.000000, 7892000000.000000, 7892000000.000000, 7892000000.000000, 7892000000.000000, 7892000000.000000, 7892000000.000000, 7892000000.000000, 7892000000.000000, 7892000000.000000, 7892000000.000000, 7892000000.000000, 7892000000.000000, 7892000000.000000, 7892000000.000000, 7892000000.000000, 7892000000.000000, 7892000000.000000, 7892000000.000000, 7892000000.000000, 7892000000.000000, 7892000000.000000, 7892000000.000000, 7892000000.000000, 7892000000.000000, 7892000000.000000, 7892000000.000000, 7892000000.000000, 7892000000.000000, 7892000000.000000, 7892000000.000000, 7892000000.000000, 7892000000.000000, 7892000000.000000, 7892000000.000000, 7892000000.000000, 7892000000.000000, 7892000000.000000, 7892000000.000000, 7892000000.000000, 7892000000.000000, 7892000000.000000, 7892000000.000000, 7892000000.000000, 7892000000.000000, 7892000000.000000, 7892000000.000000, 7892000000.000000, 7892000000.000000, 7892000000.000000, 7892000000.000000, 7892000000.000000, 7892000000.000000, 7892000000.000000, 7892000000.000000, 7892000000.000000, 7892000000.000000, 7892000000.000000, 7892000000.000000, 7892000000.000000, 7892000000.000000, 7892000000.000000
DF_in_FDMTimeGreed : 20281124.000000, 4.227397, 4.298630, 0.997959
RcvLastFixingPayoff_1F : -704945883.098721, -655973233.619754, -606939552.044364, -557844762.311371, -508688788.264829, -459471553.653873, -410192982.132598, -360852997.259971, -311451522.499694, -261988481.220079, -212463796.693920, -162877392.098432, -113229190.515043, -63519114.929351, -13747088.230972, 36086966.786588, 85983127.426041, 135941471.086418, 185962075.263238, 236045017.548571, 286190375.631201, 336398227.296736, 386668650.427714, 437001723.003730, 487397523.101576, 537856128.895336, 588377618.656515, 638962070.754182, 689609563.655053, 740320175.923644, 791093986.222381, 841931073.311718, 892831516.050273, 943795393.394928, 994822784.400975, 1045913768.222233, 1097068424.111157, 1148286831.418964, 1199569069.595783, 1250915218.190739, 1302325356.852107, 1353799565.327413, 1405337923.463576, 1456940511.207022, 1508607408.603808, 1560338695.799752, 1612134453.040558, 1663994760.671919, 1715919699.139673, 1767909348.989911, 1819963790.869111, 1872083105.524237, 1924267373.802902, 1976516676.653465, 2028831095.125175, 2081210710.368290, 2133655603.634188, 2186165856.275509, 2238741549.746299, 2291382765.602089, 2344089585.500061, 2396862091.199169, 2449700364.560245, 2502604487.546148, 2555574542.221883, 2608610610.754730, 2661712775.414357, 2714881118.572976, 2768115722.705448, 2821416670.389430, 2874784044.305459, 2928217927.237153, 2981718402.071277, 3035285551.797898, 3088919459.510503, 3142620208.406138, 3196387881.785537, 3250222563.053249, 3304124335.717758, 3358093283.391629, 3412129489.791615, 3466233038.738820, 3520404014.158791, 3574642500.081681, 3628948580.642359, 3683322340.080552, 3737763862.740964, 3792273233.073414, 3846850535.632978, 3901495855.080092, 3956209276.180703, 4010990883.806417, 4065840762.934586, 4120758998.648477, 4175745676.137385, 4230800880.696792, 4285924697.728452, 4341117212.740558, 4396378511.347888, 4451708679.271895
PayLastFixingPayoff_1F : 7892000000.000000, 7892000000.000000, 7892000000.000000, 7892000000.000000, 7892000000.000000, 7892000000.000000, 7892000000.000000, 7892000000.000000, 7892000000.000000, 7892000000.000000, 7892000000.000000, 7892000000.000000, 7892000000.000000, 7892000000.000000, 7892000000.000000, 7892000000.000000, 7892000000.000000, 7892000000.000000, 7892000000.000000, 7892000000.000000, 7892000000.000000, 7892000000.000000, 7892000000.000000, 7892000000.000000, 7892000000.000000, 7892000000.000000, 7892000000.000000, 7892000000.000000, 7892000000.000000, 7892000000.000000, 7892000000.000000, 7892000000.000000, 7892000000.000000, 7892000000.000000, 7892000000.000000, 7892000000.000000, 7892000000.000000, 7892000000.000000, 7892000000.000000, 7892000000.000000, 7892000000.000000, 7892000000.000000, 7892000000.000000, 7892000000.000000, 7892000000.000000, 7892000000.000000, 7892000000.000000, 7892000000.000000, 7892000000.000000, 7892000000.000000, 7892000000.000000, 7892000000.000000, 7892000000.000000, 7892000000.000000, 7892000000.000000, 7892000000.000000, 7892000000.000000, 7892000000.000000, 7892000000.000000, 7892000000.000000, 7892000000.000000, 7892000000.000000, 7892000000.000000, 7892000000.000000, 7892000000.000000, 7892000000.000000, 7892000000.000000, 7892000000.000000, 7892000000.000000, 7892000000.000000, 7892000000.000000, 7892000000.000000, 7892000000.000000, 7892000000.000000, 7892000000.000000, 7892000000.000000, 7892000000.000000, 7892000000.000000, 7892000000.000000, 7892000000.000000, 7892000000.000000, 7892000000.000000, 7892000000.000000, 7892000000.000000, 7892000000.000000, 7892000000.000000, 7892000000.000000, 7892000000.000000, 7892000000.000000, 7892000000.000000, 7892000000.000000, 7892000000.000000, 7892000000.000000, 7892000000.000000, 7892000000.000000, 7892000000.000000, 7892000000.000000, 7892000000.000000, 7892000000.000000, 7892000000.000000
DF_in_FDMTimeGreed : 20280920.000000, 4.049315, 4.227397, 0.994902
DF_in_FDMTimeGreed : 20280620.000000, 3.797260, 4.049315, 0.992966
DF_in_FDMTimeGreed : 20280320.000000, 3.545205, 3.797260, 0.992969
DF_in_FDMTimeGreed : 20271220.000000, 3.295890, 3.545205, 0.993007
RcvLastFixingPayoff_1F : -708855816.272145, -659888039.541973, -610859236.788018, -561769331.956701, -512618248.899639, -463405911.373534, -414132243.040106, -364797167.465923, -315400608.122285, -265942488.385141, -216422731.534935, -166841260.756483, -117197999.138916, -67492869.675461, -17725795.263420, 32103301.296027, 81994497.297892, 131947870.133512, 181963497.290683, 232041456.353770, 282181825.003826, 332384681.018702, 382650102.273201, 432978166.739158, 483368952.485593, 533822537.678811, 584339000.582541, 634918419.558041, 685560873.064220, 736266439.657783, 787035197.993328, 837867226.823465, 888762604.998977, 939721411.468883, 990743725.280609, 1041829625.580102, 1092979191.611927, 1144192502.719410, 1195469638.344768, 1246810678.029223, 1298215701.413106, 1349684788.236028, 1401218018.336953, 1452815471.654357, 1504477228.226326, 1556203368.190709, 1607993971.785218, 1659849119.347563, 1711768891.315575, 1763753368.227329, 1815802630.721262, 1867916759.536335, 1920095835.512096, 1972339939.588858, 2024649152.807798, 2077023556.311105, 2129463231.342068, 2181968259.245243, 2234538721.466556, 2287174699.553440, 2339876275.154943, 2392643530.021880, 2445476546.006944, 2498375405.064840, 2551340189.252402, 2604370980.728737, 2657467861.755328, 2710630914.696191, 2763860222.017990, 2817155866.290142, 2870517930.184978, 2923946496.477873, 2977441648.047344, 3031003467.875196, 3084632039.046657, 3138327444.750487, 3192089768.279145, 3245919093.028868, 3299815502.499830, 3353779080.296288, 3407809910.126653, 3461908075.803698, 3516073661.244615, 3570306750.471194, 3624607427.609941, 3678975776.892195, 3733411882.654264, 3787915829.337575, 3842487701.488779, 3897127583.759896, 3951835560.908444, 4006611717.797568, 4061456139.396174, 4116368910.779068, 4171350117.127069, 4226399843.727152, 4281518175.972600, 4336705199.363094, 4391960999.504871, 4447285662.110871
PayLastFixingPayoff_1F : 6939999999.999999, 6939999999.999999, 6939999999.999999, 6939999999.999999, 6939999999.999999, 6939999999.999999, 6939999999.999999, 6939999999.999999, 6939999999.999999, 6939999999.999999, 6939999999.999999, 6939999999.999999, 6939999999.999999, 6939999999.999999, 6939999999.999999, 6939999999.999999, 6939999999.999999, 6939999999.999999, 6939999999.999999, 6939999999.999999, 6939999999.999999, 6939999999.999999, 6939999999.999999, 6939999999.999999, 6939999999.999999, 6939999999.999999, 6939999999.999999, 6939999999.999999, 6939999999.999999, 6939999999.999999, 6939999999.999999, 6939999999.999999, 6939999999.999999, 6939999999.999999, 6939999999.999999, 6939999999.999999, 6939999999.999999, 6939999999.999999, 6939999999.999999, 6939999999.999999, 6939999999.999999, 6939999999.999999, 6939999999.999999, 6939999999.999999, 6939999999.999999, 6939999999.999999, 6939999999.999999, 6939999999.999999, 6939999999.999999, 6939999999.999999, 6939999999.999999, 6939999999.999999, 6939999999.999999, 6939999999.999999, 6939999999.999999, 6939999999.999999, 6939999999.999999, 6939999999.999999, 6939999999.999999, 6939999999.999999, 6939999999.999999, 6939999999.999999, 6939999999.999999, 6939999999.999999, 6939999999.999999, 6939999999.999999, 6939999999.999999, 6939999999.999999, 6939999999.999999, 6939999999.999999, 6939999999.999999, 6939999999.999999, 6939999999.999999, 6939999999.999999, 6939999999.999999, 6939999999.999999, 6939999999.999999, 6939999999.999999, 6939999999.999999, 6939999999.999999, 6939999999.999999, 6939999999.999999, 6939999999.999999, 6939999999.999999, 6939999999.999999, 6939999999.999999, 6939999999.999999, 6939999999.999999, 6939999999.999999, 6939999999.999999, 6939999999.999999, 6939999999.999999, 6939999999.999999, 6939999999.999999, 6939999999.999999, 6939999999.999999, 6939999999.999999, 6939999999.999999, 6939999999.999999, 6939999999.999999
DF_in_FDMTimeGreed : 20271124.000000, 3.224658, 3.295890, 0.997990
RcvLastFixingPayoff_1F : -708855816.272145, -659888039.541973, -610859236.788018, -561769331.956701, -512618248.899639, -463405911.373534, -414132243.040106, -364797167.465923, -315400608.122285, -265942488.385141, -216422731.534935, -166841260.756483, -117197999.138916, -67492869.675461, -17725795.263420, 32103301.296027, 81994497.297892, 131947870.133512, 181963497.290683, 232041456.353770, 282181825.003826, 332384681.018702, 382650102.273201, 432978166.739158, 483368952.485593, 533822537.678811, 584339000.582541, 634918419.558041, 685560873.064220, 736266439.657783, 787035197.993328, 837867226.823465, 888762604.998977, 939721411.468883, 990743725.280609, 1041829625.580102, 1092979191.611927, 1144192502.719410, 1195469638.344768, 1246810678.029223, 1298215701.413106, 1349684788.236028, 1401218018.336953, 1452815471.654357, 1504477228.226326, 1556203368.190709, 1607993971.785218, 1659849119.347563, 1711768891.315575, 1763753368.227329, 1815802630.721262, 1867916759.536335, 1920095835.512096, 1972339939.588858, 2024649152.807798, 2077023556.311105, 2129463231.342068, 2181968259.245243, 2234538721.466556, 2287174699.553440, 2339876275.154943, 2392643530.021880, 2445476546.006944, 2498375405.064840, 2551340189.252402, 2604370980.728737, 2657467861.755328, 2710630914.696191, 2763860222.017990, 2817155866.290142, 2870517930.184978, 2923946496.477873, 2977441648.047344, 3031003467.875196, 3084632039.046657, 3138327444.750487, 3192089768.279145, 3245919093.028868, 3299815502.499830, 3353779080.296288, 3407809910.126653, 3461908075.803698, 3516073661.244615, 3570306750.471194, 3624607427.609941, 3678975776.892195, 3733411882.654264, 3787915829.337575, 3842487701.488779, 3897127583.759896, 3951835560.908444, 4006611717.797568, 4061456139.396174, 4116368910.779068, 4171350117.127069, 4226399843.727152, 4281518175.972600, 4336705199.363094, 4391960999.504871, 4447285662.110871
PayLastFixingPayoff_1F : 6939999999.999999, 6939999999.999999, 6939999999.999999, 6939999999.999999, 6939999999.999999, 6939999999.999999, 6939999999.999999, 6939999999.999999, 6939999999.999999, 6939999999.999999, 6939999999.999999, 6939999999.999999, 6939999999.999999, 6939999999.999999, 6939999999.999999, 6939999999.999999, 6939999999.999999, 6939999999.999999, 6939999999.999999, 6939999999.999999, 6939999999.999999, 6939999999.999999, 6939999999.999999, 6939999999.999999, 6939999999.999999, 6939999999.999999, 6939999999.999999, 6939999999.999999, 6939999999.999999, 6939999999.999999, 6939999999.999999, 6939999999.999999, 6939999999.999999, 6939999999.999999, 6939999999.999999, 6939999999.999999, 6939999999.999999, 6939999999.999999, 6939999999.999999, 6939999999.999999, 6939999999.999999, 6939999999.999999, 6939999999.999999, 6939999999.999999, 6939999999.999999, 6939999999.999999, 6939999999.999999, 6939999999.999999, 6939999999.999999, 6939999999.999999, 6939999999.999999, 6939999999.999999, 6939999999.999999, 6939999999.999999, 6939999999.999999, 6939999999.999999, 6939999999.999999, 6939999999.999999, 6939999999.999999, 6939999999.999999, 6939999999.999999, 6939999999.999999, 6939999999.999999, 6939999999.999999, 6939999999.999999, 6939999999.999999, 6939999999.999999, 6939999999.999999, 6939999999.999999, 6939999999.999999, 6939999999.999999, 6939999999.999999, 6939999999.999999, 6939999999.999999, 6939999999.999999, 6939999999.999999, 6939999999.999999, 6939999999.999999, 6939999999.999999, 6939999999.999999, 6939999999.999999, 6939999999.999999, 6939999999.999999, 6939999999.999999, 6939999999.999999, 6939999999.999999, 6939999999.999999, 6939999999.999999, 6939999999.999999, 6939999999.999999, 6939999999.999999, 6939999999.999999, 6939999999.999999, 6939999999.999999, 6939999999.999999, 6939999999.999999, 6939999999.999999, 6939999999.999999, 6939999999.999999, 6939999999.999999
DF_in_FDMTimeGreed : 20270920.000000, 3.046575, 3.224658, 0.994970
DF_in_FDMTimeGreed : 20270621.000000, 2.797260, 3.046575, 0.993182
DF_in_FDMTimeGreed : 20270322.000000, 2.547945, 2.797260, 0.993142
DF_in_FDMTimeGreed : 20261221.000000, 2.298630, 2.547945, 0.993052
RcvLastFixingPayoff_1F : -708558645.533558, -659590498.454768, -610561324.890651, -561471048.787046, -512319593.994986, -463106884.270628, -413832843.275097, -364497394.574364, -315100461.639178, -265641967.844899, -216121836.471379, -166539990.702885, -116896353.627915, -67190848.239172, -17423397.433325, 32406075.988991, 82297649.323396, 132251399.961809, 182267405.392607, 232345743.200745, 282486491.067854, 332689726.772396, 382955528.189738, 433283973.292323, 483675140.149751, 534129106.928923, 584645951.894155, 635225753.407297, 685868589.927858, 736574540.013141, 787343682.318320, 838176095.596625, 889071858.699413, 940031050.576316, 991053750.275350, 1042140036.943059, 1093289989.824617, 1144503688.263940, 1195781211.703855, 1247122639.686172, 1298528051.851841, 1349997527.941061, 1401531147.793410, 1453128991.347960, 1504791138.643413, 1556517669.818217, 1608308665.110693, 1660164204.859163, 1712084369.502052, 1764069239.578059, 1816118895.726226, 1868233418.686119, 1920412889.297904, 1972657388.502511, 2024966997.341721, 2077341796.958335, 2129781868.596261, 2182287293.600676, 2234858153.418110, 2287494529.596616, 2340196503.785870, 2392964157.737294, 2445797573.304207, 2498696832.441924, 2551662017.207907, 2604693209.761882, 2657790492.365960, 2710953947.384778, 2764183657.285609, 2817479704.638513, 2870842172.116450, 2924271142.495401, 2977766698.654517, 3031328923.576239, 3084957900.346411, 3138653712.154438, 3192416442.293396, 3246246174.160150, 3300142991.255526, 3354106977.184381, 3408138215.655792, 3462236790.483147, 3516402785.584280, 3570636284.981606, 3624937372.802282, 3679306133.278274, 3733742650.746532, 3788247009.649122, 3842819294.533323, 3897459590.051816, 3952167980.962742, 4006944552.129895, 4061789388.522831, 4116702575.216980, 4171684197.393828, 4226734340.340981, 4281853089.452363, 4337040530.228316, 4392296748.275722, 4447621829.308167
PayLastFixingPayoff_1F : 6012000000.000000, 6012000000.000000, 6012000000.000000, 6012000000.000000, 6012000000.000000, 6012000000.000000, 6012000000.000000, 6012000000.000000, 6012000000.000000, 6012000000.000000, 6012000000.000000, 6012000000.000000, 6012000000.000000, 6012000000.000000, 6012000000.000000, 6012000000.000000, 6012000000.000000, 6012000000.000000, 6012000000.000000, 6012000000.000000, 6012000000.000000, 6012000000.000000, 6012000000.000000, 6012000000.000000, 6012000000.000000, 6012000000.000000, 6012000000.000000, 6012000000.000000, 6012000000.000000, 6012000000.000000, 6012000000.000000, 6012000000.000000, 6012000000.000000, 6012000000.000000, 6012000000.000000, 6012000000.000000, 6012000000.000000, 6012000000.000000, 6012000000.000000, 6012000000.000000, 6012000000.000000, 6012000000.000000, 6012000000.000000, 6012000000.000000, 6012000000.000000, 6012000000.000000, 6012000000.000000, 6012000000.000000, 6012000000.000000, 6012000000.000000, 6012000000.000000, 6012000000.000000, 6012000000.000000, 6012000000.000000, 6012000000.000000, 6012000000.000000, 6012000000.000000, 6012000000.000000, 6012000000.000000, 6012000000.000000, 6012000000.000000, 6012000000.000000, 6012000000.000000, 6012000000.000000, 6012000000.000000, 6012000000.000000, 6012000000.000000, 6012000000.000000, 6012000000.000000, 6012000000.000000, 6012000000.000000, 6012000000.000000, 6012000000.000000, 6012000000.000000, 6012000000.000000, 6012000000.000000, 6012000000.000000, 6012000000.000000, 6012000000.000000, 6012000000.000000, 6012000000.000000, 6012000000.000000, 6012000000.000000, 6012000000.000000, 6012000000.000000, 6012000000.000000, 6012000000.000000, 6012000000.000000, 6012000000.000000, 6012000000.000000, 6012000000.000000, 6012000000.000000, 6012000000.000000, 6012000000.000000, 6012000000.000000, 6012000000.000000, 6012000000.000000, 6012000000.000000, 6012000000.000000, 6012000000.000000
DF_in_FDMTimeGreed : 20261125.000000, 2.227397, 2.298630, 0.997993
RcvLastFixingPayoff_1F : -708558645.533558, -659590498.454768, -610561324.890651, -561471048.787046, -512319593.994986, -463106884.270628, -413832843.275097, -364497394.574364, -315100461.639178, -265641967.844899, -216121836.471379, -166539990.702885, -116896353.627915, -67190848.239172, -17423397.433325, 32406075.988991, 82297649.323396, 132251399.961809, 182267405.392607, 232345743.200745, 282486491.067854, 332689726.772396, 382955528.189738, 433283973.292323, 483675140.149751, 534129106.928923, 584645951.894155, 635225753.407297, 685868589.927858, 736574540.013141, 787343682.318320, 838176095.596625, 889071858.699413, 940031050.576316, 991053750.275350, 1042140036.943059, 1093289989.824617, 1144503688.263940, 1195781211.703855, 1247122639.686172, 1298528051.851841, 1349997527.941061, 1401531147.793410, 1453128991.347960, 1504791138.643413, 1556517669.818217, 1608308665.110693, 1660164204.859163, 1712084369.502052, 1764069239.578059, 1816118895.726226, 1868233418.686119, 1920412889.297904, 1972657388.502511, 2024966997.341721, 2077341796.958335, 2129781868.596261, 2182287293.600676, 2234858153.418110, 2287494529.596616, 2340196503.785870, 2392964157.737294, 2445797573.304207, 2498696832.441924, 2551662017.207907, 2604693209.761882, 2657790492.365960, 2710953947.384778, 2764183657.285609, 2817479704.638513, 2870842172.116450, 2924271142.495401, 2977766698.654517, 3031328923.576239, 3084957900.346411, 3138653712.154438, 3192416442.293396, 3246246174.160150, 3300142991.255526, 3354106977.184381, 3408138215.655792, 3462236790.483147, 3516402785.584280, 3570636284.981606, 3624937372.802282, 3679306133.278274, 3733742650.746532, 3788247009.649122, 3842819294.533323, 3897459590.051816, 3952167980.962742, 4006944552.129895, 4061789388.522831, 4116702575.216980, 4171684197.393828, 4226734340.340981, 4281853089.452363, 4337040530.228316, 4392296748.275722, 4447621829.308167
PayLastFixingPayoff_1F : 6012000000.000000, 6012000000.000000, 6012000000.000000, 6012000000.000000, 6012000000.000000, 6012000000.000000, 6012000000.000000, 6012000000.000000, 6012000000.000000, 6012000000.000000, 6012000000.000000, 6012000000.000000, 6012000000.000000, 6012000000.000000, 6012000000.000000, 6012000000.000000, 6012000000.000000, 6012000000.000000, 6012000000.000000, 6012000000.000000, 6012000000.000000, 6012000000.000000, 6012000000.000000, 6012000000.000000, 6012000000.000000, 6012000000.000000, 6012000000.000000, 6012000000.000000, 6012000000.000000, 6012000000.000000, 6012000000.000000, 6012000000.000000, 6012000000.000000, 6012000000.000000, 6012000000.000000, 6012000000.000000, 6012000000.000000, 6012000000.000000, 6012000000.000000, 6012000000.000000, 6012000000.000000, 6012000000.000000, 6012000000.000000, 6012000000.000000, 6012000000.000000, 6012000000.000000, 6012000000.000000, 6012000000.000000, 6012000000.000000, 6012000000.000000, 6012000000.000000, 6012000000.000000, 6012000000.000000, 6012000000.000000, 6012000000.000000, 6012000000.000000, 6012000000.000000, 6012000000.000000, 6012000000.000000, 6012000000.000000, 6012000000.000000, 6012000000.000000, 6012000000.000000, 6012000000.000000, 6012000000.000000, 6012000000.000000, 6012000000.000000, 6012000000.000000, 6012000000.000000, 6012000000.000000, 6012000000.000000, 6012000000.000000, 6012000000.000000, 6012000000.000000, 6012000000.000000, 6012000000.000000, 6012000000.000000, 6012000000.000000, 6012000000.000000, 6012000000.000000, 6012000000.000000, 6012000000.000000, 6012000000.000000, 6012000000.000000, 6012000000.000000, 6012000000.000000, 6012000000.000000, 6012000000.000000, 6012000000.000000, 6012000000.000000, 6012000000.000000, 6012000000.000000, 6012000000.000000, 6012000000.000000, 6012000000.000000, 6012000000.000000, 6012000000.000000, 6012000000.000000, 6012000000.000000, 6012000000.000000
DF_in_FDMTimeGreed : 20260921.000000, 2.049315, 2.227397, 0.994959
DF_in_FDMTimeGreed : 20260622.000000, 1.800000, 2.049315, 0.993134
DF_in_FDMTimeGreed : 20260320.000000, 1.542466, 1.800000, 0.992792
DF_in_FDMTimeGreed : 20251222.000000, 1.301370, 1.542466, 0.993302
RcvLastFixingPayoff_1F : -704207826.854970, -655234257.574440, -606199655.051180, -557103943.222590, -507947045.931284, -458728886.924964, -409449389.856309, -360108478.282852, -310706075.666828, -261242105.375124, -211716490.679111, -162129154.754541, -112480020.681404, -62769011.443844, -12996049.930040, 36838941.067967, 86736038.854314, 136695320.829521, 186716864.490532, 236800747.430894, 286947047.340842, 337155842.007448, 387427209.314705, 437761227.243681, 488157973.872632, 538617527.377103, 589139966.030089, 639725368.202110, 690373812.361369, 741085377.073851, 791860141.003457, 842698182.912128, 893599581.659957, 944564416.205314, 995592765.604972, 1046684709.014233, 1097840325.687046, 1149059694.976127, 1200342896.333078, 1251690009.308530, 1303101113.552250, 1354576288.813271, 1406115614.939997, 1457719171.880370, 1509387039.681940, 1561119298.492034, 1612916028.557854, 1664777310.226622, 1716703223.945673, 1768693850.262617, 1820749269.825428, 1872869563.382619, 1925054811.783298, 1977305095.977354, 2029620497.015554, 2082001096.049672, 2134446974.332628, 2186958213.218588, 2239534894.163113, 2292177098.723281, 2344884908.557806, 2397658405.427166, 2450497671.193750, 2503402787.821935, 2556373837.378283, 2609410902.031602, 2662514064.053123, 2715683405.816596, 2768919009.798439, 2822220958.577838, 2875589334.836910, 2929024221.360816, 2982525701.037868, 3036093856.859704, 3089728771.921369, 3143430529.421472, 3197199212.662315, 3251034905.050009, 3304937690.094602, 3358907651.410232, 3412944872.715236, 3467049437.832273, 3521221430.688485, 3575460935.315591, 3629768035.850042, 3684142816.533150, 3738585361.711198, 3793095755.835604, 3847674083.463018, 3902320429.255465, 3957034877.980502, 4011817514.511308, 4066668423.826846, 4121587691.011981, 4176575401.257595, 4231631639.860777, 4286756492.224893, 4341950043.859743, 4397212380.381694, 4452543587.513827
PayLastFixingPayoff_1F : 5100000000.000000, 5100000000.000000, 5100000000.000000, 5100000000.000000, 5100000000.000000, 5100000000.000000, 5100000000.000000, 5100000000.000000, 5100000000.000000, 5100000000.000000, 5100000000.000000, 5100000000.000000, 5100000000.000000, 5100000000.000000, 5100000000.000000, 5100000000.000000, 5100000000.000000, 5100000000.000000, 5100000000.000000, 5100000000.000000, 5100000000.000000, 5100000000.000000, 5100000000.000000, 5100000000.000000, 5100000000.000000, 5100000000.000000, 5100000000.000000, 5100000000.000000, 5100000000.000000, 5100000000.000000, 5100000000.000000, 5100000000.000000, 5100000000.000000, 5100000000.000000, 5100000000.000000, 5100000000.000000, 5100000000.000000, 5100000000.000000, 5100000000.000000, 5100000000.000000, 5100000000.000000, 5100000000.000000, 5100000000.000000, 5100000000.000000, 5100000000.000000, 5100000000.000000, 5100000000.000000, 5100000000.000000, 5100000000.000000, 5100000000.000000, 5100000000.000000, 5100000000.000000, 5100000000.000000, 5100000000.000000, 5100000000.000000, 5100000000.000000, 5100000000.000000, 5100000000.000000, 5100000000.000000, 5100000000.000000, 5100000000.000000, 5100000000.000000, 5100000000.000000, 5100000000.000000, 5100000000.000000, 5100000000.000000, 5100000000.000000, 5100000000.000000, 5100000000.000000, 5100000000.000000, 5100000000.000000, 5100000000.000000, 5100000000.000000, 5100000000.000000, 5100000000.000000, 5100000000.000000, 5100000000.000000, 5100000000.000000, 5100000000.000000, 5100000000.000000, 5100000000.000000, 5100000000.000000, 5100000000.000000, 5100000000.000000, 5100000000.000000, 5100000000.000000, 5100000000.000000, 5100000000.000000, 5100000000.000000, 5100000000.000000, 5100000000.000000, 5100000000.000000, 5100000000.000000, 5100000000.000000, 5100000000.000000, 5100000000.000000, 5100000000.000000, 5100000000.000000, 5100000000.000000, 5100000000.000000
DF_in_FDMTimeGreed : 20251126.000000, 1.230137, 1.301370, 0.997982
RcvLastFixingPayoff_1F : -704207826.854970, -655234257.574440, -606199655.051180, -557103943.222590, -507947045.931284, -458728886.924964, -409449389.856309, -360108478.282852, -310706075.666828, -261242105.375124, -211716490.679111, -162129154.754541, -112480020.681404, -62769011.443844, -12996049.930040, 36838941.067967, 86736038.854314, 136695320.829521, 186716864.490532, 236800747.430894, 286947047.340842, 337155842.007448, 387427209.314705, 437761227.243681, 488157973.872632, 538617527.377103, 589139966.030089, 639725368.202110, 690373812.361369, 741085377.073851, 791860141.003457, 842698182.912128, 893599581.659957, 944564416.205314, 995592765.604972, 1046684709.014233, 1097840325.687046, 1149059694.976127, 1200342896.333078, 1251690009.308530, 1303101113.552250, 1354576288.813271, 1406115614.939997, 1457719171.880370, 1509387039.681940, 1561119298.492034, 1612916028.557854, 1664777310.226622, 1716703223.945673, 1768693850.262617, 1820749269.825428, 1872869563.382619, 1925054811.783298, 1977305095.977354, 2029620497.015554, 2082001096.049672, 2134446974.332628, 2186958213.218588, 2239534894.163113, 2292177098.723281, 2344884908.557806, 2397658405.427166, 2450497671.193750, 2503402787.821935, 2556373837.378283, 2609410902.031602, 2662514064.053123, 2715683405.816596, 2768919009.798439, 2822220958.577838, 2875589334.836910, 2929024221.360816, 2982525701.037868, 3036093856.859704, 3089728771.921369, 3143430529.421472, 3197199212.662315, 3251034905.050009, 3304937690.094602, 3358907651.410232, 3412944872.715236, 3467049437.832273, 3521221430.688485, 3575460935.315591, 3629768035.850042, 3684142816.533150, 3738585361.711198, 3793095755.835604, 3847674083.463018, 3902320429.255465, 3957034877.980502, 4011817514.511308, 4066668423.826846, 4121587691.011981, 4176575401.257595, 4231631639.860777, 4286756492.224893, 4341950043.859743, 4397212380.381694, 4452543587.513827
PayLastFixingPayoff_1F : 5100000000.000000, 5100000000.000000, 5100000000.000000, 5100000000.000000, 5100000000.000000, 5100000000.000000, 5100000000.000000, 5100000000.000000, 5100000000.000000, 5100000000.000000, 5100000000.000000, 5100000000.000000, 5100000000.000000, 5100000000.000000, 5100000000.000000, 5100000000.000000, 5100000000.000000, 5100000000.000000, 5100000000.000000, 5100000000.000000, 5100000000.000000, 5100000000.000000, 5100000000.000000, 5100000000.000000, 5100000000.000000, 5100000000.000000, 5100000000.000000, 5100000000.000000, 5100000000.000000, 5100000000.000000, 5100000000.000000, 5100000000.000000, 5100000000.000000, 5100000000.000000, 5100000000.000000, 5100000000.000000, 5100000000.000000, 5100000000.000000, 5100000000.000000, 5100000000.000000, 5100000000.000000, 5100000000.000000, 5100000000.000000, 5100000000.000000, 5100000000.000000, 5100000000.000000, 5100000000.000000, 5100000000.000000, 5100000000.000000, 5100000000.000000, 5100000000.000000, 5100000000.000000, 5100000000.000000, 5100000000.000000, 5100000000.000000, 5100000000.000000, 5100000000.000000, 5100000000.000000, 5100000000.000000, 5100000000.000000, 5100000000.000000, 5100000000.000000, 5100000000.000000, 5100000000.000000, 5100000000.000000, 5100000000.000000, 5100000000.000000, 5100000000.000000, 5100000000.000000, 5100000000.000000, 5100000000.000000, 5100000000.000000, 5100000000.000000, 5100000000.000000, 5100000000.000000, 5100000000.000000, 5100000000.000000, 5100000000.000000, 5100000000.000000, 5100000000.000000, 5100000000.000000, 5100000000.000000, 5100000000.000000, 5100000000.000000, 5100000000.000000, 5100000000.000000, 5100000000.000000, 5100000000.000000, 5100000000.000000, 5100000000.000000, 5100000000.000000, 5100000000.000000, 5100000000.000000, 5100000000.000000, 5100000000.000000, 5100000000.000000, 5100000000.000000, 5100000000.000000, 5100000000.000000, 5100000000.000000
DF_in_FDMTimeGreed : 20250922.000000, 1.052055, 1.230137, 0.994860
DF_in_FDMTimeGreed : 20250620.000000, 0.794521, 1.052055, 0.992603
DF_in_FDMTimeGreed : 20250320.000000, 0.542466, 0.794521, 0.992328
DF_in_FDMTimeGreed : 20241220.000000, 0.295890, 0.542466, 0.991996
RcvLastFixingPayoff_1F : -645861228.535108, -596814944.887413, -547707537.376813, -498538929.827766, -449309045.969814, -400017809.437453, -350665143.769981, -301250972.411440, -251775218.710429, -202237805.920048, -152638657.197744, -102977695.605202, -53254844.108214, -3470025.576567, 46376837.216055, 96285821.592246, 146257004.970927, 196290464.867528, 246386278.894070, 296544524.759296, 346765280.268813, 397048623.325161, 447394631.927993, 497803384.174159, 548274958.257830, 598809432.470645, 649406885.201795, 700067394.938170, 750791040.264486, 801577899.863365, 852428052.515530, 903341577.099843, 954318552.593491, 1005359058.072087, 1056463172.709775, 1107630975.779399, 1158862546.652562, 1210157964.799809, 1261517309.790715, 1312940661.294018, 1364428099.077750, 1415979703.009344, 1467595553.055775, 1519275729.283674, 1571020311.859463, 1622829381.049451, 1674703017.219996, 1726641300.837608, 1778644312.469084, 1830712132.781612, 1882844842.542925, 1935042522.621412, 1987305253.986236, 2039633117.707468, 2092026194.956230, 2144484567.004779, 2197008315.226671, 2249597521.096880, 2302252266.191895, 2354972632.189888, 2407758700.870821, 2460610554.116576, 2513528273.911069, 2566511942.340397, 2619561641.592956, 2672677453.959564, 2725859461.833597, 2779107747.711123, 2832422394.191001, 2885803483.975049, 2939251099.868136, 2992765324.778336, 3046346241.717037, 3099993933.799105, 3153708484.242944, 3207489976.370718, 3261338493.608394, 3315254119.485922, 3369236937.637363, 3423287031.800993, 3477404485.819435, 3531589383.639820, 3585841809.313900, 3640161846.998165, 3694549580.953984, 3749005095.547753, 3803528475.250979, 3858119804.640483, 3912779168.398457, 3967506651.312624, 4022302338.276413, 4077166314.289015, 4132098664.455559, 4187099473.987243, 4242168828.201450, 4297306812.521906, 4352513512.478780, 4407789013.708841, 4463133401.955569, 4518546763.069325
PayLastFixingPayoff_1F : 4208000000.000000, 4208000000.000000, 4208000000.000000, 4208000000.000000, 4208000000.000000, 4208000000.000000, 4208000000.000000, 4208000000.000000, 4208000000.000000, 4208000000.000000, 4208000000.000000, 4208000000.000000, 4208000000.000000, 4208000000.000000, 4208000000.000000, 4208000000.000000, 4208000000.000000, 4208000000.000000, 4208000000.000000, 4208000000.000000, 4208000000.000000, 4208000000.000000, 4208000000.000000, 4208000000.000000, 4208000000.000000, 4208000000.000000, 4208000000.000000, 4208000000.000000, 4208000000.000000, 4208000000.000000, 4208000000.000000, 4208000000.000000, 4208000000.000000, 4208000000.000000, 4208000000.000000, 4208000000.000000, 4208000000.000000, 4208000000.000000, 4208000000.000000, 4208000000.000000, 4208000000.000000, 4208000000.000000, 4208000000.000000, 4208000000.000000, 4208000000.000000, 4208000000.000000, 4208000000.000000, 4208000000.000000, 4208000000.000000, 4208000000.000000, 4208000000.000000, 4208000000.000000, 4208000000.000000, 4208000000.000000, 4208000000.000000, 4208000000.000000, 4208000000.000000, 4208000000.000000, 4208000000.000000, 4208000000.000000, 4208000000.000000, 4208000000.000000, 4208000000.000000, 4208000000.000000, 4208000000.000000, 4208000000.000000, 4208000000.000000, 4208000000.000000, 4208000000.000000, 4208000000.000000, 4208000000.000000, 4208000000.000000, 4208000000.000000, 4208000000.000000, 4208000000.000000, 4208000000.000000, 4208000000.000000, 4208000000.000000, 4208000000.000000, 4208000000.000000, 4208000000.000000, 4208000000.000000, 4208000000.000000, 4208000000.000000, 4208000000.000000, 4208000000.000000, 4208000000.000000, 4208000000.000000, 4208000000.000000, 4208000000.000000, 4208000000.000000, 4208000000.000000, 4208000000.000000, 4208000000.000000, 4208000000.000000, 4208000000.000000, 4208000000.000000, 4208000000.000000, 4208000000.000000, 4208000000.000000
DF_in_FDMTimeGreed : 20241126.000000, 0.230137, 0.295890, 0.997759
RcvLastFixingPayoff_1F : -645861228.535108, -596814944.887413, -547707537.376813, -498538929.827766, -449309045.969814, -400017809.437453, -350665143.769981, -301250972.411440, -251775218.710429, -202237805.920048, -152638657.197744, -102977695.605202, -53254844.108214, -3470025.576567, 46376837.216055, 96285821.592246, 146257004.970927, 196290464.867528, 246386278.894070, 296544524.759296, 346765280.268813, 397048623.325161, 447394631.927993, 497803384.174159, 548274958.257830, 598809432.470645, 649406885.201795, 700067394.938170, 750791040.264486, 801577899.863365, 852428052.515530, 903341577.099843, 954318552.593491, 1005359058.072087, 1056463172.709775, 1107630975.779399, 1158862546.652562, 1210157964.799809, 1261517309.790715, 1312940661.294018, 1364428099.077750, 1415979703.009344, 1467595553.055775, 1519275729.283674, 1571020311.859463, 1622829381.049451, 1674703017.219996, 1726641300.837608, 1778644312.469084, 1830712132.781612, 1882844842.542925, 1935042522.621412, 1987305253.986236, 2039633117.707468, 2092026194.956230, 2144484567.004779, 2197008315.226671, 2249597521.096880, 2302252266.191895, 2354972632.189888, 2407758700.870821, 2460610554.116576, 2513528273.911069, 2566511942.340397, 2619561641.592956, 2672677453.959564, 2725859461.833597, 2779107747.711123, 2832422394.191001, 2885803483.975049, 2939251099.868136, 2992765324.778336, 3046346241.717037, 3099993933.799105, 3153708484.242944, 3207489976.370718, 3261338493.608394, 3315254119.485922, 3369236937.637363, 3423287031.800993, 3477404485.819435, 3531589383.639820, 3585841809.313900, 3640161846.998165, 3694549580.953984, 3749005095.547753, 3803528475.250979, 3858119804.640483, 3912779168.398457, 3967506651.312624, 4022302338.276413, 4077166314.289015, 4132098664.455559, 4187099473.987243, 4242168828.201450, 4297306812.521906, 4352513512.478780, 4407789013.708841, 4463133401.955569, 4518546763.069325
PayLastFixingPayoff_1F : 4208000000.000000, 4208000000.000000, 4208000000.000000, 4208000000.000000, 4208000000.000000, 4208000000.000000, 4208000000.000000, 4208000000.000000, 4208000000.000000, 4208000000.000000, 4208000000.000000, 4208000000.000000, 4208000000.000000, 4208000000.000000, 4208000000.000000, 4208000000.000000, 4208000000.000000, 4208000000.000000, 4208000000.000000, 4208000000.000000, 4208000000.000000, 4208000000.000000, 4208000000.000000, 4208000000.000000, 4208000000.000000, 4208000000.000000, 4208000000.000000, 4208000000.000000, 4208000000.000000, 4208000000.000000, 4208000000.000000, 4208000000.000000, 4208000000.000000, 4208000000.000000, 4208000000.000000, 4208000000.000000, 4208000000.000000, 4208000000.000000, 4208000000.000000, 4208000000.000000, 4208000000.000000, 4208000000.000000, 4208000000.000000, 4208000000.000000, 4208000000.000000, 4208000000.000000, 4208000000.000000, 4208000000.000000, 4208000000.000000, 4208000000.000000, 4208000000.000000, 4208000000.000000, 4208000000.000000, 4208000000.000000, 4208000000.000000, 4208000000.000000, 4208000000.000000, 4208000000.000000, 4208000000.000000, 4208000000.000000, 4208000000.000000, 4208000000.000000, 4208000000.000000, 4208000000.000000, 4208000000.000000, 4208000000.000000, 4208000000.000000, 4208000000.000000, 4208000000.000000, 4208000000.000000, 4208000000.000000, 4208000000.000000, 4208000000.000000, 4208000000.000000, 4208000000.000000, 4208000000.000000, 4208000000.000000, 4208000000.000000, 4208000000.000000, 4208000000.000000, 4208000000.000000, 4208000000.000000, 4208000000.000000, 4208000000.000000, 4208000000.000000, 4208000000.000000, 4208000000.000000, 4208000000.000000, 4208000000.000000, 4208000000.000000, 4208000000.000000, 4208000000.000000, 4208000000.000000, 4208000000.000000, 4208000000.000000, 4208000000.000000, 4208000000.000000, 4208000000.000000, 4208000000.000000, 4208000000.000000
DF_in_FDMTimeGreed : 20240920.000000, 0.046575, 0.230137, 0.993607
DF_in_FDMTimeGreed : 20240903.000000, 0.000000, 0.046575, 0.998369
