PriceDate : 20240903
EffectiveDate : 20191220
Maturity : 20341220
NAFlag : 0
NA : 10000.000000
NAdditionalHolidays : 1, 1
AdditionalHolidays : 20240101, 20241225
NationFlag : 0, 0
NumCpnAnn : 4, 4
MaxLossRetRcvPay : 1.000000, 1.000000, 1.000000, 1.000000
MultipleRatefixPayoffRcvPay : 1.000000, 0.000000, 1.000000, 1.000000
DayCountRcvPay : 0, 0
PowerSpreadFlagRcvPay : 0, 0
RangeMaxMinRcvPay : 1.000000, -1.000000, 0.800000, -0.800000
InfoRefRateRcvPay : 4.000000, 5.000000, 10.000000, 5.000000, 4.000000, 10.000000, 10.000000, 5.000000
RcvLegFixedRate : 0.000000
RcvLegRangeCoupon : 0.035000
RcvLegStructuredFlag : 1
PayLegFixedRate : 0.000000
PayLegRangeCoupon : 0.000000
PayLegStructuredFlag : 1
Phase2UseFlag : 0
Phase2Date : 20201220
Phase2RcvLegFixedRate : 0.000000
Phase2RcvLegRangeCoupon : 0.035000
Phase2RcvLegStructuredFlag : 1
Phase2PayLegFixedRate : 0.000000
Phase2PayLegRangeCoupon : 0.000000
Phase2PayLegStructuredFlag : 1
NumCpnAnnPhase2RcvPay : 4, 4
NOption : 13
OptionDate : 20211124, 20221124, 20231124, 20241126, 20251126, 20261125, 20271124, 20281124, 20291126, 20301126, 20311126, 20321124, 20331124
OptionDate : 20211220, 20221220, 20231220, 20241220, 20251222, 20261221, 20271220, 20281220, 20291220, 20301220, 20311222, 20321220, 20331220
OptionType : 0
NRcvRateHistory : 21
RcvRateHistoryDate : 20240620, 20240621, 20240622, 20240623, 20240624, 20240625, 20240626, 20240627, 20240628, 20240629, 20240630, 20240701, 20240702, 20240703, 20240704, 20240705, 20240706, 20240707, 20240708, 20240709, 20240710
RcvRateHistoryDate : 0.037000, 0.037000, 0.037000, 0.036000, 0.036000, 0.036000, 0.036000, 0.036000, 0.036000, 0.036000, 0.036000, 0.036000, 0.036000, 0.036000, 0.036000, 0.036000, 0.036000, 0.036000, 0.036000, 0.036000, 0.036000
NPayRateHistory : 4
PayRateHistoryDate : 20240101, 20220727, 20220911, 20240620
PayRateHistoryDate : 0.035000, 0.030000, 0.030000, 0.036000
NZeroRate : 21
ZeroTerm : 0.002740, 0.005479, 0.252055, 0.498630, 0.750685, 1.002740, 1.498630, 2.002740, 3.008219, 4.005479, 5.005479, 6.005479, 7.005479, 8.013699, 9.010959, 10.008219, 12.010959, 15.013699, 20.019178, 25.024658, 30.021918
ZeroRate : 0.035068, 0.035068, 0.034949, 0.033959, 0.032936, 0.031911, 0.030758, 0.030029, 0.029299, 0.028999, 0.028929, 0.028882, 0.028969, 0.029082, 0.029111, 0.029254, 0.029455, 0.029357, 0.028538, 0.027635, 0.025067
NZeroDiscRate : 21
ZeroDiscTerm : 0.002740, 0.005479, 0.252055, 0.498630, 0.750685, 1.002740, 1.498630, 2.002740, 3.008219, 4.005479, 5.005479, 6.005479, 7.005479, 8.013699, 9.010959, 10.008219, 12.010959, 15.013699, 20.019178, 25.024658, 30.021918
ZeroDiscRate : 0.035068, 0.035068, 0.034949, 0.033959, 0.032936, 0.031911, 0.030758, 0.030029, 0.029299, 0.028999, 0.028929, 0.028882, 0.028969, 0.029082, 0.029111, 0.029254, 0.029455, 0.029357, 0.028538, 0.027635, 0.025067
HW2FFlag : 0
NHWVol : 12
HWVolTerm : 0.002740, 0.084932, 0.249315, 0.498630, 1.000000, 2.000000, 3.000000, 4.008219, 5.000000, 7.000000, 9.227397, 39.227397
HWVol : 0.007182, 0.007182, 0.006668, 0.006625, 0.006302, 0.005670, 0.005591, 0.004940, 0.005055, 0.005168, 0.005051, 0.005051, 0.000000, 0.000000, 0.000000, 0.000000, 0.000000, 0.000000, 0.000000, 0.000000, 0.000000, 0.000000, 0.000000, 0.000000
kappa : 0.007100, 0.011919
FactorCorrelation : -0.877126
InterestRateRoundingRcvPay : 0, 4
DF_in_FDMTimeGreed : 20341220.000000, 10.301370, 10.301370, 1.000000
DF_in_FDMTimeGreed : 20340920.000000, 10.052055, 10.301370, 0.992476
DF_in_FDMTimeGreed : 20340620.000000, 9.800000, 10.052055, 0.992319
DF_in_FDMTimeGreed : 20340320.000000, 9.547945, 9.800000, 0.992318
DF_in_FDMTimeGreed : 20331220.000000, 9.301370, 9.547945, 0.992502
RcvLastFixingPayoff_1F : 87.260274, 87.260274, 87.260274, 87.260274, 87.260274, 87.260274, 87.260274, 87.260274, 87.260274, 87.260274, 87.260274, 87.260274, 87.260274, 87.260274, 87.260274, 87.260274, 87.260274, 87.260274, 87.260274, 87.260274, 87.260274, 87.260274, 87.260274, 87.260274, 87.260274, 87.260274, 87.260274, 87.260274, 87.260274, 87.260274, 87.260274, 87.260274, 87.260274, 87.260274, 87.260274, 87.260274, 87.260274, 87.260274, 87.260274, 87.260274, 87.260274, 87.260274, 87.260274, 87.260274, 87.260274, 87.260274, 87.260274, 87.260274, 87.260274, 87.260274, 87.260274, 87.260274, 87.260274, 87.260274, 87.260274, 87.260274, 87.260274, 87.260274, 87.260274, 87.260274, 87.260274, 87.260274, 87.260274, 87.260274, 87.260274, 87.260274, 87.260274, 87.260274, 87.260274, 87.260274, 87.260274, 87.260274, 87.260274, 87.260274, 87.260274, 87.260274, 87.260274, 87.260274, 87.260274, 87.260274, 87.260274, 87.260274, 87.260274, 87.260274, 87.260274, 87.260274, 87.260274, 87.260274, 87.260274, 87.260274, 87.260274, 87.260274, 87.260274, 87.260274, 87.260274, 87.260274, 87.260274, 87.260274, 87.260274, 87.260274
PayLastFixingPayoff_1F : -169.000000, -157.000000, -146.000000, -134.000000, -122.000000, -110.000000, -98.000000, -86.000000, -74.000000, -62.000000, -50.000000, -38.000000, -26.000000, -14.000000, -2.000000, 10.000000, 22.000000, 34.000000, 46.000000, 59.000000, 71.000000, 83.000000, 95.000000, 107.000000, 120.000000, 132.000000, 144.000000, 157.000000, 169.000000, 182.000000, 194.000000, 206.000000, 219.000000, 231.000000, 244.000000, 256.000000, 269.000000, 281.000000, 294.000000, 307.000000, 319.000000, 332.000000, 345.000000, 357.000000, 370.000000, 383.000000, 396.000000, 408.000000, 421.000000, 434.000000, 447.000000, 460.000000, 473.000000, 485.000000, 498.000000, 511.000000, 524.000000, 537.000000, 550.000000, 563.000000, 576.000000, 589.000000, 602.000000, 616.000000, 629.000000, 642.000000, 655.000000, 668.000000, 681.000000, 695.000000, 708.000000, 721.000000, 734.000000, 748.000000, 761.000000, 774.000000, 788.000000, 801.000000, 815.000000, 828.000000, 841.000000, 855.000000, 868.000000, 882.000000, 895.000000, 909.000000, 923.000000, 936.000000, 950.000000, 963.000000, 977.000000, 991.000000, 1004.000000, 1018.000000, 1032.000000, 1045.000000, 1059.000000, 1073.000000, 1087.000000, 1101.000000
DF_in_FDMTimeGreed : 20331124.000000, 9.230137, 9.301370, 0.997831
RcvLastFixingPayoff_1F : 87.260274, 87.260274, 87.260274, 87.260274, 87.260274, 87.260274, 87.260274, 87.260274, 87.260274, 87.260274, 87.260274, 87.260274, 87.260274, 87.260274, 87.260274, 87.260274, 87.260274, 87.260274, 87.260274, 87.260274, 87.260274, 87.260274, 87.260274, 87.260274, 87.260274, 87.260274, 87.260274, 87.260274, 87.260274, 87.260274, 87.260274, 87.260274, 87.260274, 87.260274, 87.260274, 87.260274, 87.260274, 87.260274, 87.260274, 87.260274, 87.260274, 87.260274, 87.260274, 87.260274, 87.260274, 87.260274, 87.260274, 87.260274, 87.260274, 87.260274, 87.260274, 87.260274, 87.260274, 87.260274, 87.260274, 87.260274, 87.260274, 87.260274, 87.260274, 87.260274, 87.260274, 87.260274, 87.260274, 87.260274, 87.260274, 87.260274, 87.260274, 87.260274, 87.260274, 87.260274, 87.260274, 87.260274, 87.260274, 87.260274, 87.260274, 87.260274, 87.260274, 87.260274, 87.260274, 87.260274, 87.260274, 87.260274, 87.260274, 87.260274, 87.260274, 87.260274, 87.260274, 87.260274, 87.260274, 87.260274, 87.260274, 87.260274, 87.260274, 87.260274, 87.260274, 87.260274, 87.260274, 87.260274, 87.260274, 87.260274
PayLastFixingPayoff_1F : -169.000000, -157.000000, -146.000000, -134.000000, -122.000000, -110.000000, -98.000000, -86.000000, -74.000000, -62.000000, -50.000000, -38.000000, -26.000000, -14.000000, -2.000000, 10.000000, 22.000000, 34.000000, 46.000000, 59.000000, 71.000000, 83.000000, 95.000000, 107.000000, 120.000000, 132.000000, 144.000000, 157.000000, 169.000000, 182.000000, 194.000000, 206.000000, 219.000000, 231.000000, 244.000000, 256.000000, 269.000000, 281.000000, 294.000000, 307.000000, 319.000000, 332.000000, 345.000000, 357.000000, 370.000000, 383.000000, 396.000000, 408.000000, 421.000000, 434.000000, 447.000000, 460.000000, 473.000000, 485.000000, 498.000000, 511.000000, 524.000000, 537.000000, 550.000000, 563.000000, 576.000000, 589.000000, 602.000000, 616.000000, 629.000000, 642.000000, 655.000000, 668.000000, 681.000000, 695.000000, 708.000000, 721.000000, 734.000000, 748.000000, 761.000000, 774.000000, 788.000000, 801.000000, 815.000000, 828.000000, 841.000000, 855.000000, 868.000000, 882.000000, 895.000000, 909.000000, 923.000000, 936.000000, 950.000000, 963.000000, 977.000000, 991.000000, 1004.000000, 1018.000000, 1032.000000, 1045.000000, 1059.000000, 1073.000000, 1087.000000, 1101.000000
DF_in_FDMTimeGreed : 20330920.000000, 9.052055, 9.230137, 0.994594
DF_in_FDMTimeGreed : 20330620.000000, 8.800000, 9.052055, 0.992583
DF_in_FDMTimeGreed : 20330321.000000, 8.550685, 8.800000, 0.992708
DF_in_FDMTimeGreed : 20321220.000000, 8.301370, 8.550685, 0.992712
RcvLastFixingPayoff_1F : 85.342466, 85.342466, 85.342466, 85.342466, 85.342466, 85.342466, 85.342466, 85.342466, 85.342466, 85.342466, 85.342466, 85.342466, 85.342466, 85.342466, 85.342466, 85.342466, 85.342466, 85.342466, 85.342466, 85.342466, 85.342466, 85.342466, 85.342466, 85.342466, 85.342466, 85.342466, 85.342466, 85.342466, 85.342466, 85.342466, 85.342466, 85.342466, 85.342466, 85.342466, 85.342466, 85.342466, 85.342466, 85.342466, 85.342466, 85.342466, 85.342466, 85.342466, 85.342466, 85.342466, 85.342466, 85.342466, 85.342466, 85.342466, 85.342466, 85.342466, 85.342466, 85.342466, 85.342466, 85.342466, 85.342466, 85.342466, 85.342466, 85.342466, 85.342466, 85.342466, 85.342466, 85.342466, 85.342466, 85.342466, 85.342466, 85.342466, 85.342466, 85.342466, 85.342466, 85.342466, 85.342466, 85.342466, 85.342466, 85.342466, 85.342466, 85.342466, 85.342466, 85.342466, 85.342466, 85.342466, 85.342466, 85.342466, 85.342466, 85.342466, 85.342466, 85.342466, 85.342466, 85.342466, 85.342466, 85.342466, 85.342466, 85.342466, 85.342466, 85.342466, 85.342466, 85.342466, 85.342466, 85.342466, 85.342466, 85.342466
PayLastFixingPayoff_1F : -164.000000, -153.000000, -141.000000, -130.000000, -118.000000, -107.000000, -95.000000, -83.000000, -72.000000, -60.000000, -48.000000, -37.000000, -25.000000, -13.000000, -1.000000, 11.000000, 22.000000, 34.000000, 46.000000, 58.000000, 70.000000, 82.000000, 94.000000, 106.000000, 118.000000, 130.000000, 142.000000, 154.000000, 166.000000, 178.000000, 190.000000, 203.000000, 215.000000, 227.000000, 239.000000, 251.000000, 264.000000, 276.000000, 288.000000, 301.000000, 313.000000, 325.000000, 338.000000, 350.000000, 362.000000, 375.000000, 387.000000, 400.000000, 412.000000, 425.000000, 437.000000, 450.000000, 463.000000, 475.000000, 488.000000, 500.000000, 513.000000, 526.000000, 538.000000, 551.000000, 564.000000, 577.000000, 589.000000, 602.000000, 615.000000, 628.000000, 641.000000, 654.000000, 667.000000, 680.000000, 692.000000, 705.000000, 718.000000, 731.000000, 744.000000, 757.000000, 770.000000, 784.000000, 797.000000, 810.000000, 823.000000, 836.000000, 849.000000, 862.000000, 876.000000, 889.000000, 902.000000, 915.000000, 929.000000, 942.000000, 955.000000, 969.000000, 982.000000, 995.000000, 1009.000000, 1022.000000, 1036.000000, 1049.000000, 1062.000000, 1076.000000
DF_in_FDMTimeGreed : 20321124.000000, 8.230137, 8.301370, 0.997913
RcvLastFixingPayoff_1F : 85.342466, 85.342466, 85.342466, 85.342466, 85.342466, 85.342466, 85.342466, 85.342466, 85.342466, 85.342466, 85.342466, 85.342466, 85.342466, 85.342466, 85.342466, 85.342466, 85.342466, 85.342466, 85.342466, 85.342466, 85.342466, 85.342466, 85.342466, 85.342466, 85.342466, 85.342466, 85.342466, 85.342466, 85.342466, 85.342466, 85.342466, 85.342466, 85.342466, 85.342466, 85.342466, 85.342466, 85.342466, 85.342466, 85.342466, 85.342466, 85.342466, 85.342466, 85.342466, 85.342466, 85.342466, 85.342466, 85.342466, 85.342466, 85.342466, 85.342466, 85.342466, 85.342466, 85.342466, 85.342466, 85.342466, 85.342466, 85.342466, 85.342466, 85.342466, 85.342466, 85.342466, 85.342466, 85.342466, 85.342466, 85.342466, 85.342466, 85.342466, 85.342466, 85.342466, 85.342466, 85.342466, 85.342466, 85.342466, 85.342466, 85.342466, 85.342466, 85.342466, 85.342466, 85.342466, 85.342466, 85.342466, 85.342466, 85.342466, 85.342466, 85.342466, 85.342466, 85.342466, 85.342466, 85.342466, 85.342466, 85.342466, 85.342466, 85.342466, 85.342466, 85.342466, 85.342466, 85.342466, 85.342466, 85.342466, 85.342466
PayLastFixingPayoff_1F : -164.000000, -153.000000, -141.000000, -130.000000, -118.000000, -107.000000, -95.000000, -83.000000, -72.000000, -60.000000, -48.000000, -37.000000, -25.000000, -13.000000, -1.000000, 11.000000, 22.000000, 34.000000, 46.000000, 58.000000, 70.000000, 82.000000, 94.000000, 106.000000, 118.000000, 130.000000, 142.000000, 154.000000, 166.000000, 178.000000, 190.000000, 203.000000, 215.000000, 227.000000, 239.000000, 251.000000, 264.000000, 276.000000, 288.000000, 301.000000, 313.000000, 325.000000, 338.000000, 350.000000, 362.000000, 375.000000, 387.000000, 400.000000, 412.000000, 425.000000, 437.000000, 450.000000, 463.000000, 475.000000, 488.000000, 500.000000, 513.000000, 526.000000, 538.000000, 551.000000, 564.000000, 577.000000, 589.000000, 602.000000, 615.000000, 628.000000, 641.000000, 654.000000, 667.000000, 680.000000, 692.000000, 705.000000, 718.000000, 731.000000, 744.000000, 757.000000, 770.000000, 784.000000, 797.000000, 810.000000, 823.000000, 836.000000, 849.000000, 862.000000, 876.000000, 889.000000, 902.000000, 915.000000, 929.000000, 942.000000, 955.000000, 969.000000, 982.000000, 995.000000, 1009.000000, 1022.000000, 1036.000000, 1049.000000, 1062.000000, 1076.000000
DF_in_FDMTimeGreed : 20320922.000000, 8.057534, 8.230137, 0.994952
DF_in_FDMTimeGreed : 20320621.000000, 7.802740, 8.057534, 0.992424
DF_in_FDMTimeGreed : 20320322.000000, 7.553425, 7.802740, 0.992572
DF_in_FDMTimeGreed : 20311222.000000, 7.304110, 7.553425, 0.992586
RcvLastFixingPayoff_1F : 87.260274, 87.260274, 87.260274, 87.260274, 87.260274, 87.260274, 87.260274, 87.260274, 87.260274, 87.260274, 87.260274, 87.260274, 87.260274, 87.260274, 87.260274, 87.260274, 87.260274, 87.260274, 87.260274, 87.260274, 87.260274, 87.260274, 87.260274, 87.260274, 87.260274, 87.260274, 87.260274, 87.260274, 87.260274, 87.260274, 87.260274, 87.260274, 87.260274, 87.260274, 87.260274, 87.260274, 87.260274, 87.260274, 87.260274, 87.260274, 87.260274, 87.260274, 87.260274, 87.260274, 87.260274, 87.260274, 87.260274, 87.260274, 87.260274, 87.260274, 87.260274, 87.260274, 87.260274, 87.260274, 87.260274, 87.260274, 87.260274, 87.260274, 87.260274, 87.260274, 87.260274, 87.260274, 87.260274, 87.260274, 87.260274, 87.260274, 87.260274, 87.260274, 87.260274, 87.260274, 87.260274, 87.260274, 87.260274, 87.260274, 87.260274, 87.260274, 87.260274, 87.260274, 87.260274, 87.260274, 87.260274, 87.260274, 87.260274, 87.260274, 87.260274, 87.260274, 87.260274, 87.260274, 87.260274, 87.260274, 87.260274, 87.260274, 87.260274, 87.260274, 87.260274, 87.260274, 87.260274, 87.260274, 87.260274, 87.260274
PayLastFixingPayoff_1F : -167.000000, -155.000000, -144.000000, -132.000000, -120.000000, -108.000000, -96.000000, -84.000000, -72.000000, -60.000000, -48.000000, -36.000000, -24.000000, -12.000000, -0.000000, 12.000000, 24.000000, 36.000000, 48.000000, 60.000000, 72.000000, 85.000000, 97.000000, 109.000000, 121.000000, 134.000000, 146.000000, 158.000000, 171.000000, 183.000000, 195.000000, 208.000000, 220.000000, 233.000000, 245.000000, 258.000000, 270.000000, 283.000000, 295.000000, 308.000000, 321.000000, 333.000000, 346.000000, 358.000000, 371.000000, 384.000000, 397.000000, 409.000000, 422.000000, 435.000000, 448.000000, 461.000000, 473.000000, 486.000000, 499.000000, 512.000000, 525.000000, 538.000000, 551.000000, 564.000000, 577.000000, 590.000000, 603.000000, 616.000000, 629.000000, 642.000000, 656.000000, 669.000000, 682.000000, 695.000000, 708.000000, 722.000000, 735.000000, 748.000000, 761.000000, 775.000000, 788.000000, 801.000000, 815.000000, 828.000000, 842.000000, 855.000000, 869.000000, 882.000000, 896.000000, 909.000000, 923.000000, 936.000000, 950.000000, 963.000000, 977.000000, 991.000000, 1004.000000, 1018.000000, 1032.000000, 1045.000000, 1059.000000, 1073.000000, 1087.000000, 1100.000000
DF_in_FDMTimeGreed : 20311126.000000, 7.232877, 7.304110, 0.997879
RcvLastFixingPayoff_1F : 87.260274, 87.260274, 87.260274, 87.260274, 87.260274, 87.260274, 87.260274, 87.260274, 87.260274, 87.260274, 87.260274, 87.260274, 87.260274, 87.260274, 87.260274, 87.260274, 87.260274, 87.260274, 87.260274, 87.260274, 87.260274, 87.260274, 87.260274, 87.260274, 87.260274, 87.260274, 87.260274, 87.260274, 87.260274, 87.260274, 87.260274, 87.260274, 87.260274, 87.260274, 87.260274, 87.260274, 87.260274, 87.260274, 87.260274, 87.260274, 87.260274, 87.260274, 87.260274, 87.260274, 87.260274, 87.260274, 87.260274, 87.260274, 87.260274, 87.260274, 87.260274, 87.260274, 87.260274, 87.260274, 87.260274, 87.260274, 87.260274, 87.260274, 87.260274, 87.260274, 87.260274, 87.260274, 87.260274, 87.260274, 87.260274, 87.260274, 87.260274, 87.260274, 87.260274, 87.260274, 87.260274, 87.260274, 87.260274, 87.260274, 87.260274, 87.260274, 87.260274, 87.260274, 87.260274, 87.260274, 87.260274, 87.260274, 87.260274, 87.260274, 87.260274, 87.260274, 87.260274, 87.260274, 87.260274, 87.260274, 87.260274, 87.260274, 87.260274, 87.260274, 87.260274, 87.260274, 87.260274, 87.260274, 87.260274, 87.260274
PayLastFixingPayoff_1F : -167.000000, -155.000000, -144.000000, -132.000000, -120.000000, -108.000000, -96.000000, -84.000000, -72.000000, -60.000000, -48.000000, -36.000000, -24.000000, -12.000000, -0.000000, 12.000000, 24.000000, 36.000000, 48.000000, 60.000000, 72.000000, 85.000000, 97.000000, 109.000000, 121.000000, 134.000000, 146.000000, 158.000000, 171.000000, 183.000000, 195.000000, 208.000000, 220.000000, 233.000000, 245.000000, 258.000000, 270.000000, 283.000000, 295.000000, 308.000000, 321.000000, 333.000000, 346.000000, 358.000000, 371.000000, 384.000000, 397.000000, 409.000000, 422.000000, 435.000000, 448.000000, 461.000000, 473.000000, 486.000000, 499.000000, 512.000000, 525.000000, 538.000000, 551.000000, 564.000000, 577.000000, 590.000000, 603.000000, 616.000000, 629.000000, 642.000000, 656.000000, 669.000000, 682.000000, 695.000000, 708.000000, 722.000000, 735.000000, 748.000000, 761.000000, 775.000000, 788.000000, 801.000000, 815.000000, 828.000000, 842.000000, 855.000000, 869.000000, 882.000000, 896.000000, 909.000000, 923.000000, 936.000000, 950.000000, 963.000000, 977.000000, 991.000000, 1004.000000, 1018.000000, 1032.000000, 1045.000000, 1059.000000, 1073.000000, 1087.000000, 1100.000000
DF_in_FDMTimeGreed : 20310922.000000, 7.054795, 7.232877, 0.994710
DF_in_FDMTimeGreed : 20310620.000000, 6.797260, 7.054795, 0.992406
DF_in_FDMTimeGreed : 20310320.000000, 6.545205, 6.797260, 0.992587
DF_in_FDMTimeGreed : 20301220.000000, 6.298630, 6.545205, 0.992758
RcvLastFixingPayoff_1F : 87.260274, 87.260274, 87.260274, 87.260274, 87.260274, 87.260274, 87.260274, 87.260274, 87.260274, 87.260274, 87.260274, 87.260274, 87.260274, 87.260274, 87.260274, 87.260274, 87.260274, 87.260274, 87.260274, 87.260274, 87.260274, 87.260274, 87.260274, 87.260274, 87.260274, 87.260274, 87.260274, 87.260274, 87.260274, 87.260274, 87.260274, 87.260274, 87.260274, 87.260274, 87.260274, 87.260274, 87.260274, 87.260274, 87.260274, 87.260274, 87.260274, 87.260274, 87.260274, 87.260274, 87.260274, 87.260274, 87.260274, 87.260274, 87.260274, 87.260274, 87.260274, 87.260274, 87.260274, 87.260274, 87.260274, 87.260274, 87.260274, 87.260274, 87.260274, 87.260274, 87.260274, 87.260274, 87.260274, 87.260274, 87.260274, 87.260274, 87.260274, 87.260274, 87.260274, 87.260274, 87.260274, 87.260274, 87.260274, 87.260274, 87.260274, 87.260274, 87.260274, 87.260274, 87.260274, 87.260274, 87.260274, 87.260274, 87.260274, 87.260274, 87.260274, 87.260274, 87.260274, 87.260274, 87.260274, 87.260274, 87.260274, 87.260274, 87.260274, 87.260274, 87.260274, 87.260274, 87.260274, 87.260274, 87.260274, 87.260274
PayLastFixingPayoff_1F : -166.000000, -154.000000, -143.000000, -131.000000, -119.000000, -107.000000, -95.000000, -83.000000, -71.000000, -59.000000, -48.000000, -36.000000, -24.000000, -12.000000, -0.000000, 13.000000, 25.000000, 37.000000, 49.000000, 61.000000, 73.000000, 85.000000, 98.000000, 110.000000, 122.000000, 134.000000, 147.000000, 159.000000, 171.000000, 184.000000, 196.000000, 208.000000, 221.000000, 233.000000, 246.000000, 258.000000, 271.000000, 283.000000, 296.000000, 308.000000, 321.000000, 334.000000, 346.000000, 359.000000, 372.000000, 384.000000, 397.000000, 410.000000, 422.000000, 435.000000, 448.000000, 461.000000, 474.000000, 487.000000, 499.000000, 512.000000, 525.000000, 538.000000, 551.000000, 564.000000, 577.000000, 590.000000, 603.000000, 616.000000, 629.000000, 643.000000, 656.000000, 669.000000, 682.000000, 695.000000, 708.000000, 722.000000, 735.000000, 748.000000, 761.000000, 775.000000, 788.000000, 801.000000, 815.000000, 828.000000, 842.000000, 855.000000, 869.000000, 882.000000, 895.000000, 909.000000, 923.000000, 936.000000, 950.000000, 963.000000, 977.000000, 990.000000, 1004.000000, 1018.000000, 1031.000000, 1045.000000, 1059.000000, 1073.000000, 1086.000000, 1100.000000
DF_in_FDMTimeGreed : 20301126.000000, 6.232877, 6.298630, 0.998065
RcvLastFixingPayoff_1F : 87.260274, 87.260274, 87.260274, 87.260274, 87.260274, 87.260274, 87.260274, 87.260274, 87.260274, 87.260274, 87.260274, 87.260274, 87.260274, 87.260274, 87.260274, 87.260274, 87.260274, 87.260274, 87.260274, 87.260274, 87.260274, 87.260274, 87.260274, 87.260274, 87.260274, 87.260274, 87.260274, 87.260274, 87.260274, 87.260274, 87.260274, 87.260274, 87.260274, 87.260274, 87.260274, 87.260274, 87.260274, 87.260274, 87.260274, 87.260274, 87.260274, 87.260274, 87.260274, 87.260274, 87.260274, 87.260274, 87.260274, 87.260274, 87.260274, 87.260274, 87.260274, 87.260274, 87.260274, 87.260274, 87.260274, 87.260274, 87.260274, 87.260274, 87.260274, 87.260274, 87.260274, 87.260274, 87.260274, 87.260274, 87.260274, 87.260274, 87.260274, 87.260274, 87.260274, 87.260274, 87.260274, 87.260274, 87.260274, 87.260274, 87.260274, 87.260274, 87.260274, 87.260274, 87.260274, 87.260274, 87.260274, 87.260274, 87.260274, 87.260274, 87.260274, 87.260274, 87.260274, 87.260274, 87.260274, 87.260274, 87.260274, 87.260274, 87.260274, 87.260274, 87.260274, 87.260274, 87.260274, 87.260274, 87.260274, 87.260274
PayLastFixingPayoff_1F : -166.000000, -154.000000, -143.000000, -131.000000, -119.000000, -107.000000, -95.000000, -83.000000, -71.000000, -59.000000, -48.000000, -36.000000, -24.000000, -12.000000, -0.000000, 13.000000, 25.000000, 37.000000, 49.000000, 61.000000, 73.000000, 85.000000, 98.000000, 110.000000, 122.000000, 134.000000, 147.000000, 159.000000, 171.000000, 184.000000, 196.000000, 208.000000, 221.000000, 233.000000, 246.000000, 258.000000, 271.000000, 283.000000, 296.000000, 308.000000, 321.000000, 334.000000, 346.000000, 359.000000, 372.000000, 384.000000, 397.000000, 410.000000, 422.000000, 435.000000, 448.000000, 461.000000, 474.000000, 487.000000, 499.000000, 512.000000, 525.000000, 538.000000, 551.000000, 564.000000, 577.000000, 590.000000, 603.000000, 616.000000, 629.000000, 643.000000, 656.000000, 669.000000, 682.000000, 695.000000, 708.000000, 722.000000, 735.000000, 748.000000, 761.000000, 775.000000, 788.000000, 801.000000, 815.000000, 828.000000, 842.000000, 855.000000, 869.000000, 882.000000, 895.000000, 909.000000, 923.000000, 936.000000, 950.000000, 963.000000, 977.000000, 990.000000, 1004.000000, 1018.000000, 1031.000000, 1045.000000, 1059.000000, 1073.000000, 1086.000000, 1100.000000
DF_in_FDMTimeGreed : 20300920.000000, 6.049315, 6.232877, 0.994613
DF_in_FDMTimeGreed : 20300620.000000, 5.797260, 6.049315, 0.992780
DF_in_FDMTimeGreed : 20300320.000000, 5.545205, 5.797260, 0.992809
DF_in_FDMTimeGreed : 20291220.000000, 5.298630, 5.545205, 0.992959
RcvLastFixingPayoff_1F : 87.260274, 87.260274, 87.260274, 87.260274, 87.260274, 87.260274, 87.260274, 87.260274, 87.260274, 87.260274, 87.260274, 87.260274, 87.260274, 87.260274, 87.260274, 87.260274, 87.260274, 87.260274, 87.260274, 87.260274, 87.260274, 87.260274, 87.260274, 87.260274, 87.260274, 87.260274, 87.260274, 87.260274, 87.260274, 87.260274, 87.260274, 87.260274, 87.260274, 87.260274, 87.260274, 87.260274, 87.260274, 87.260274, 87.260274, 87.260274, 87.260274, 87.260274, 87.260274, 87.260274, 87.260274, 87.260274, 87.260274, 87.260274, 87.260274, 87.260274, 87.260274, 87.260274, 87.260274, 87.260274, 87.260274, 87.260274, 87.260274, 87.260274, 87.260274, 87.260274, 87.260274, 87.260274, 87.260274, 87.260274, 87.260274, 87.260274, 87.260274, 87.260274, 87.260274, 87.260274, 87.260274, 87.260274, 87.260274, 87.260274, 87.260274, 87.260274, 87.260274, 87.260274, 87.260274, 87.260274, 87.260274, 87.260274, 87.260274, 87.260274, 87.260274, 87.260274, 87.260274, 87.260274, 87.260274, 87.260274, 87.260274, 87.260274, 87.260274, 87.260274, 87.260274, 87.260274, 87.260274, 87.260274, 87.260274, 87.260274
PayLastFixingPayoff_1F : -165.000000, -154.000000, -142.000000, -130.000000, -118.000000, -106.000000, -95.000000, -83.000000, -71.000000, -59.000000, -47.000000, -35.000000, -23.000000, -11.000000, 1.000000, 13.000000, 25.000000, 37.000000, 49.000000, 61.000000, 74.000000, 86.000000, 98.000000, 110.000000, 122.000000, 135.000000, 147.000000, 159.000000, 171.000000, 184.000000, 196.000000, 209.000000, 221.000000, 233.000000, 246.000000, 258.000000, 271.000000, 283.000000, 296.000000, 308.000000, 321.000000, 334.000000, 346.000000, 359.000000, 371.000000, 384.000000, 397.000000, 410.000000, 422.000000, 435.000000, 448.000000, 461.000000, 473.000000, 486.000000, 499.000000, 512.000000, 525.000000, 538.000000, 551.000000, 564.000000, 577.000000, 590.000000, 603.000000, 616.000000, 629.000000, 642.000000, 655.000000, 668.000000, 681.000000, 695.000000, 708.000000, 721.000000, 734.000000, 748.000000, 761.000000, 774.000000, 787.000000, 801.000000, 814.000000, 828.000000, 841.000000, 854.000000, 868.000000, 881.000000, 895.000000, 908.000000, 922.000000, 935.000000, 949.000000, 962.000000, 976.000000, 990.000000, 1003.000000, 1017.000000, 1031.000000, 1044.000000, 1058.000000, 1072.000000, 1085.000000, 1099.000000
DF_in_FDMTimeGreed : 20291126.000000, 5.232877, 5.298630, 0.998117
RcvLastFixingPayoff_1F : 87.260274, 87.260274, 87.260274, 87.260274, 87.260274, 87.260274, 87.260274, 87.260274, 87.260274, 87.260274, 87.260274, 87.260274, 87.260274, 87.260274, 87.260274, 87.260274, 87.260274, 87.260274, 87.260274, 87.260274, 87.260274, 87.260274, 87.260274, 87.260274, 87.260274, 87.260274, 87.260274, 87.260274, 87.260274, 87.260274, 87.260274, 87.260274, 87.260274, 87.260274, 87.260274, 87.260274, 87.260274, 87.260274, 87.260274, 87.260274, 87.260274, 87.260274, 87.260274, 87.260274, 87.260274, 87.260274, 87.260274, 87.260274, 87.260274, 87.260274, 87.260274, 87.260274, 87.260274, 87.260274, 87.260274, 87.260274, 87.260274, 87.260274, 87.260274, 87.260274, 87.260274, 87.260274, 87.260274, 87.260274, 87.260274, 87.260274, 87.260274, 87.260274, 87.260274, 87.260274, 87.260274, 87.260274, 87.260274, 87.260274, 87.260274, 87.260274, 87.260274, 87.260274, 87.260274, 87.260274, 87.260274, 87.260274, 87.260274, 87.260274, 87.260274, 87.260274, 87.260274, 87.260274, 87.260274, 87.260274, 87.260274, 87.260274, 87.260274, 87.260274, 87.260274, 87.260274, 87.260274, 87.260274, 87.260274, 87.260274
PayLastFixingPayoff_1F : -165.000000, -154.000000, -142.000000, -130.000000, -118.000000, -106.000000, -95.000000, -83.000000, -71.000000, -59.000000, -47.000000, -35.000000, -23.000000, -11.000000, 1.000000, 13.000000, 25.000000, 37.000000, 49.000000, 61.000000, 74.000000, 86.000000, 98.000000, 110.000000, 122.000000, 135.000000, 147.000000, 159.000000, 171.000000, 184.000000, 196.000000, 209.000000, 221.000000, 233.000000, 246.000000, 258.000000, 271.000000, 283.000000, 296.000000, 308.000000, 321.000000, 334.000000, 346.000000, 359.000000, 371.000000, 384.000000, 397.000000, 410.000000, 422.000000, 435.000000, 448.000000, 461.000000, 473.000000, 486.000000, 499.000000, 512.000000, 525.000000, 538.000000, 551.000000, 564.000000, 577.000000, 590.000000, 603.000000, 616.000000, 629.000000, 642.000000, 655.000000, 668.000000, 681.000000, 695.000000, 708.000000, 721.000000, 734.000000, 748.000000, 761.000000, 774.000000, 787.000000, 801.000000, 814.000000, 828.000000, 841.000000, 854.000000, 868.000000, 881.000000, 895.000000, 908.000000, 922.000000, 935.000000, 949.000000, 962.000000, 976.000000, 990.000000, 1003.000000, 1017.000000, 1031.000000, 1044.000000, 1058.000000, 1072.000000, 1085.000000, 1099.000000
DF_in_FDMTimeGreed : 20290920.000000, 5.049315, 5.232877, 0.994749
DF_in_FDMTimeGreed : 20290620.000000, 4.797260, 5.049315, 0.992815
DF_in_FDMTimeGreed : 20290320.000000, 4.545205, 4.797260, 0.992811
DF_in_FDMTimeGreed : 20281220.000000, 4.298630, 4.545205, 0.992958
RcvLastFixingPayoff_1F : 87.260274, 87.260274, 87.260274, 87.260274, 87.260274, 87.260274, 87.260274, 87.260274, 87.260274, 87.260274, 87.260274, 87.260274, 87.260274, 87.260274, 87.260274, 87.260274, 87.260274, 87.260274, 87.260274, 87.260274, 87.260274, 87.260274, 87.260274, 87.260274, 87.260274, 87.260274, 87.260274, 87.260274, 87.260274, 87.260274, 87.260274, 87.260274, 87.260274, 87.260274, 87.260274, 87.260274, 87.260274, 87.260274, 87.260274, 87.260274, 87.260274, 87.260274, 87.260274, 87.260274, 87.260274, 87.260274, 87.260274, 87.260274, 87.260274, 87.260274, 87.260274, 87.260274, 87.260274, 87.260274, 87.260274, 87.260274, 87.260274, 87.260274, 87.260274, 87.260274, 87.260274, 87.260274, 87.260274, 87.260274, 87.260274, 87.260274, 87.260274, 87.260274, 87.260274, 87.260274, 87.260274, 87.260274, 87.260274, 87.260274, 87.260274, 87.260274, 87.260274, 87.260274, 87.260274, 87.260274, 87.260274, 87.260274, 87.260274, 87.260274, 87.260274, 87.260274, 87.260274, 87.260274, 87.260274, 87.260274, 87.260274, 87.260274, 87.260274, 87.260274, 87.260274, 87.260274, 87.260274, 87.260274, 87.260274, 87.260274
PayLastFixingPayoff_1F : -165.000000, -154.000000, -142.000000, -130.000000, -118.000000, -106.000000, -95.000000, -83.000000, -71.000000, -59.000000, -47.000000, -35.000000, -23.000000, -11.000000, 1.000000, 13.000000, 25.000000, 37.000000, 49.000000, 61.000000, 73.000000, 86.000000, 98.000000, 110.000000, 122.000000, 134.000000, 147.000000, 159.000000, 171.000000, 184.000000, 196.000000, 208.000000, 221.000000, 233.000000, 246.000000, 258.000000, 271.000000, 283.000000, 296.000000, 308.000000, 321.000000, 333.000000, 346.000000, 358.000000, 371.000000, 384.000000, 396.000000, 409.000000, 422.000000, 435.000000, 447.000000, 460.000000, 473.000000, 486.000000, 499.000000, 512.000000, 525.000000, 537.000000, 550.000000, 563.000000, 576.000000, 589.000000, 602.000000, 615.000000, 628.000000, 642.000000, 655.000000, 668.000000, 681.000000, 694.000000, 707.000000, 721.000000, 734.000000, 747.000000, 760.000000, 774.000000, 787.000000, 800.000000, 814.000000, 827.000000, 840.000000, 854.000000, 867.000000, 881.000000, 894.000000, 908.000000, 921.000000, 935.000000, 948.000000, 962.000000, 975.000000, 989.000000, 1003.000000, 1016.000000, 1030.000000, 1044.000000, 1057.000000, 1071.000000, 1085.000000, 1098.000000
DF_in_FDMTimeGreed : 20281124.000000, 4.227397, 4.298630, 0.997959
RcvLastFixingPayoff_1F : 87.260274, 87.260274, 87.260274, 87.260274, 87.260274, 87.260274, 87.260274, 87.260274, 87.260274, 87.260274, 87.260274, 87.260274, 87.260274, 87.260274, 87.260274, 87.260274, 87.260274, 87.260274, 87.260274, 87.260274, 87.260274, 87.260274, 87.260274, 87.260274, 87.260274, 87.260274, 87.260274, 87.260274, 87.260274, 87.260274, 87.260274, 87.260274, 87.260274, 87.260274, 87.260274, 87.260274, 87.260274, 87.260274, 87.260274, 87.260274, 87.260274, 87.260274, 87.260274, 87.260274, 87.260274, 87.260274, 87.260274, 87.260274, 87.260274, 87.260274, 87.260274, 87.260274, 87.260274, 87.260274, 87.260274, 87.260274, 87.260274, 87.260274, 87.260274, 87.260274, 87.260274, 87.260274, 87.260274, 87.260274, 87.260274, 87.260274, 87.260274, 87.260274, 87.260274, 87.260274, 87.260274, 87.260274, 87.260274, 87.260274, 87.260274, 87.260274, 87.260274, 87.260274, 87.260274, 87.260274, 87.260274, 87.260274, 87.260274, 87.260274, 87.260274, 87.260274, 87.260274, 87.260274, 87.260274, 87.260274, 87.260274, 87.260274, 87.260274, 87.260274, 87.260274, 87.260274, 87.260274, 87.260274, 87.260274, 87.260274
PayLastFixingPayoff_1F : -165.000000, -154.000000, -142.000000, -130.000000, -118.000000, -106.000000, -95.000000, -83.000000, -71.000000, -59.000000, -47.000000, -35.000000, -23.000000, -11.000000, 1.000000, 13.000000, 25.000000, 37.000000, 49.000000, 61.000000, 73.000000, 86.000000, 98.000000, 110.000000, 122.000000, 134.000000, 147.000000, 159.000000, 171.000000, 184.000000, 196.000000, 208.000000, 221.000000, 233.000000, 246.000000, 258.000000, 271.000000, 283.000000, 296.000000, 308.000000, 321.000000, 333.000000, 346.000000, 358.000000, 371.000000, 384.000000, 396.000000, 409.000000, 422.000000, 435.000000, 447.000000, 460.000000, 473.000000, 486.000000, 499.000000, 512.000000, 525.000000, 537.000000, 550.000000, 563.000000, 576.000000, 589.000000, 602.000000, 615.000000, 628.000000, 642.000000, 655.000000, 668.000000, 681.000000, 694.000000, 707.000000, 721.000000, 734.000000, 747.000000, 760.000000, 774.000000, 787.000000, 800.000000, 814.000000, 827.000000, 840.000000, 854.000000, 867.000000, 881.000000, 894.000000, 908.000000, 921.000000, 935.000000, 948.000000, 962.000000, 975.000000, 989.000000, 1003.000000, 1016.000000, 1030.000000, 1044.000000, 1057.000000, 1071.000000, 1085.000000, 1098.000000
DF_in_FDMTimeGreed : 20280920.000000, 4.049315, 4.227397, 0.994902
DF_in_FDMTimeGreed : 20280620.000000, 3.797260, 4.049315, 0.992966
DF_in_FDMTimeGreed : 20280320.000000, 3.545205, 3.797260, 0.992969
DF_in_FDMTimeGreed : 20271220.000000, 3.295890, 3.545205, 0.993007
RcvLastFixingPayoff_1F : 87.260274, 87.260274, 87.260274, 87.260274, 87.260274, 87.260274, 87.260274, 87.260274, 87.260274, 87.260274, 87.260274, 87.260274, 87.260274, 87.260274, 87.260274, 87.260274, 87.260274, 87.260274, 87.260274, 87.260274, 87.260274, 87.260274, 87.260274, 87.260274, 87.260274, 87.260274, 87.260274, 87.260274, 87.260274, 87.260274, 87.260274, 87.260274, 87.260274, 87.260274, 87.260274, 87.260274, 87.260274, 87.260274, 87.260274, 87.260274, 87.260274, 87.260274, 87.260274, 87.260274, 87.260274, 87.260274, 87.260274, 87.260274, 87.260274, 87.260274, 87.260274, 87.260274, 87.260274, 87.260274, 87.260274, 87.260274, 87.260274, 87.260274, 87.260274, 87.260274, 87.260274, 87.260274, 87.260274, 87.260274, 87.260274, 87.260274, 87.260274, 87.260274, 87.260274, 87.260274, 87.260274, 87.260274, 87.260274, 87.260274, 87.260274, 87.260274, 87.260274, 87.260274, 87.260274, 87.260274, 87.260274, 87.260274, 87.260274, 87.260274, 87.260274, 87.260274, 87.260274, 87.260274, 87.260274, 87.260274, 87.260274, 87.260274, 87.260274, 87.260274, 87.260274, 87.260274, 87.260274, 87.260274, 87.260274, 87.260274
PayLastFixingPayoff_1F : -165.000000, -154.000000, -142.000000, -130.000000, -118.000000, -106.000000, -95.000000, -83.000000, -71.000000, -59.000000, -47.000000, -35.000000, -23.000000, -11.000000, 1.000000, 13.000000, 25.000000, 37.000000, 49.000000, 61.000000, 73.000000, 85.000000, 97.000000, 110.000000, 122.000000, 134.000000, 146.000000, 159.000000, 171.000000, 183.000000, 196.000000, 208.000000, 220.000000, 233.000000, 245.000000, 258.000000, 270.000000, 283.000000, 295.000000, 308.000000, 320.000000, 333.000000, 345.000000, 358.000000, 371.000000, 383.000000, 396.000000, 409.000000, 421.000000, 434.000000, 447.000000, 460.000000, 472.000000, 485.000000, 498.000000, 511.000000, 524.000000, 537.000000, 550.000000, 563.000000, 576.000000, 589.000000, 602.000000, 615.000000, 628.000000, 641.000000, 654.000000, 667.000000, 680.000000, 693.000000, 707.000000, 720.000000, 733.000000, 746.000000, 759.000000, 773.000000, 786.000000, 799.000000, 813.000000, 826.000000, 839.000000, 853.000000, 866.000000, 880.000000, 893.000000, 907.000000, 920.000000, 934.000000, 947.000000, 961.000000, 974.000000, 988.000000, 1002.000000, 1015.000000, 1029.000000, 1043.000000, 1056.000000, 1070.000000, 1084.000000, 1097.000000
DF_in_FDMTimeGreed : 20271124.000000, 3.224658, 3.295890, 0.997990
RcvLastFixingPayoff_1F : 87.260274, 87.260274, 87.260274, 87.260274, 87.260274, 87.260274, 87.260274, 87.260274, 87.260274, 87.260274, 87.260274, 87.260274, 87.260274, 87.260274, 87.260274, 87.260274, 87.260274, 87.260274, 87.260274, 87.260274, 87.260274, 87.260274, 87.260274, 87.260274, 87.260274, 87.260274, 87.260274, 87.260274, 87.260274, 87.260274, 87.260274, 87.260274, 87.260274, 87.260274, 87.260274, 87.260274, 87.260274, 87.260274, 87.260274, 87.260274, 87.260274, 87.260274, 87.260274, 87.260274, 87.260274, 87.260274, 87.260274, 87.260274, 87.260274, 87.260274, 87.260274, 87.260274, 87.260274, 87.260274, 87.260274, 87.260274, 87.260274, 87.260274, 87.260274, 87.260274, 87.260274, 87.260274, 87.260274, 87.260274, 87.260274, 87.260274, 87.260274, 87.260274, 87.260274, 87.260274, 87.260274, 87.260274, 87.260274, 87.260274, 87.260274, 87.260274, 87.260274, 87.260274, 87.260274, 87.260274, 87.260274, 87.260274, 87.260274, 87.260274, 87.260274, 87.260274, 87.260274, 87.260274, 87.260274, 87.260274, 87.260274, 87.260274, 87.260274, 87.260274, 87.260274, 87.260274, 87.260274, 87.260274, 87.260274, 87.260274
PayLastFixingPayoff_1F : -165.000000, -154.000000, -142.000000, -130.000000, -118.000000, -106.000000, -95.000000, -83.000000, -71.000000, -59.000000, -47.000000, -35.000000, -23.000000, -11.000000, 1.000000, 13.000000, 25.000000, 37.000000, 49.000000, 61.000000, 73.000000, 85.000000, 97.000000, 110.000000, 122.000000, 134.000000, 146.000000, 159.000000, 171.000000, 183.000000, 196.000000, 208.000000, 220.000000, 233.000000, 245.000000, 258.000000, 270.000000, 283.000000, 295.000000, 308.000000, 320.000000, 333.000000, 345.000000, 358.000000, 371.000000, 383.000000, 396.000000, 409.000000, 421.000000, 434.000000, 447.000000, 460.000000, 472.000000, 485.000000, 498.000000, 511.000000, 524.000000, 537.000000, 550.000000, 563.000000, 576.000000, 589.000000, 602.000000, 615.000000, 628.000000, 641.000000, 654.000000, 667.000000, 680.000000, 693.000000, 707.000000, 720.000000, 733.000000, 746.000000, 759.000000, 773.000000, 786.000000, 799.000000, 813.000000, 826.000000, 839.000000, 853.000000, 866.000000, 880.000000, 893.000000, 907.000000, 920.000000, 934.000000, 947.000000, 961.000000, 974.000000, 988.000000, 1002.000000, 1015.000000, 1029.000000, 1043.000000, 1056.000000, 1070.000000, 1084.000000, 1097.000000
DF_in_FDMTimeGreed : 20270920.000000, 3.046575, 3.224658, 0.994970
DF_in_FDMTimeGreed : 20270621.000000, 2.797260, 3.046575, 0.993182
DF_in_FDMTimeGreed : 20270322.000000, 2.547945, 2.797260, 0.993142
DF_in_FDMTimeGreed : 20261221.000000, 2.298630, 2.547945, 0.993052
RcvLastFixingPayoff_1F : 87.260274, 87.260274, 87.260274, 87.260274, 87.260274, 87.260274, 87.260274, 87.260274, 87.260274, 87.260274, 87.260274, 87.260274, 87.260274, 87.260274, 87.260274, 87.260274, 87.260274, 87.260274, 87.260274, 87.260274, 87.260274, 87.260274, 87.260274, 87.260274, 87.260274, 87.260274, 87.260274, 87.260274, 87.260274, 87.260274, 87.260274, 87.260274, 87.260274, 87.260274, 87.260274, 87.260274, 87.260274, 87.260274, 87.260274, 87.260274, 87.260274, 87.260274, 87.260274, 87.260274, 87.260274, 87.260274, 87.260274, 87.260274, 87.260274, 87.260274, 87.260274, 87.260274, 87.260274, 87.260274, 87.260274, 87.260274, 87.260274, 87.260274, 87.260274, 87.260274, 87.260274, 87.260274, 87.260274, 87.260274, 87.260274, 87.260274, 87.260274, 87.260274, 87.260274, 87.260274, 87.260274, 87.260274, 87.260274, 87.260274, 87.260274, 87.260274, 87.260274, 87.260274, 87.260274, 87.260274, 87.260274, 87.260274, 87.260274, 87.260274, 87.260274, 87.260274, 87.260274, 87.260274, 87.260274, 87.260274, 87.260274, 87.260274, 87.260274, 87.260274, 87.260274, 87.260274, 87.260274, 87.260274, 87.260274, 87.260274
PayLastFixingPayoff_1F : -165.000000, -154.000000, -142.000000, -130.000000, -119.000000, -107.000000, -95.000000, -83.000000, -71.000000, -59.000000, -47.000000, -36.000000, -24.000000, -12.000000, -0.000000, 12.000000, 24.000000, 36.000000, 49.000000, 61.000000, 73.000000, 85.000000, 97.000000, 109.000000, 121.000000, 134.000000, 146.000000, 158.000000, 170.000000, 183.000000, 195.000000, 207.000000, 220.000000, 232.000000, 245.000000, 257.000000, 269.000000, 282.000000, 294.000000, 307.000000, 319.000000, 332.000000, 345.000000, 357.000000, 370.000000, 383.000000, 395.000000, 408.000000, 421.000000, 433.000000, 446.000000, 459.000000, 472.000000, 485.000000, 497.000000, 510.000000, 523.000000, 536.000000, 549.000000, 562.000000, 575.000000, 588.000000, 601.000000, 614.000000, 627.000000, 640.000000, 653.000000, 666.000000, 679.000000, 693.000000, 706.000000, 719.000000, 732.000000, 745.000000, 759.000000, 772.000000, 785.000000, 799.000000, 812.000000, 825.000000, 839.000000, 852.000000, 865.000000, 879.000000, 892.000000, 906.000000, 919.000000, 933.000000, 946.000000, 960.000000, 974.000000, 987.000000, 1001.000000, 1014.000000, 1028.000000, 1042.000000, 1055.000000, 1069.000000, 1083.000000, 1097.000000
DF_in_FDMTimeGreed : 20261125.000000, 2.227397, 2.298630, 0.997993
RcvLastFixingPayoff_1F : 87.260274, 87.260274, 87.260274, 87.260274, 87.260274, 87.260274, 87.260274, 87.260274, 87.260274, 87.260274, 87.260274, 87.260274, 87.260274, 87.260274, 87.260274, 87.260274, 87.260274, 87.260274, 87.260274, 87.260274, 87.260274, 87.260274, 87.260274, 87.260274, 87.260274, 87.260274, 87.260274, 87.260274, 87.260274, 87.260274, 87.260274, 87.260274, 87.260274, 87.260274, 87.260274, 87.260274, 87.260274, 87.260274, 87.260274, 87.260274, 87.260274, 87.260274, 87.260274, 87.260274, 87.260274, 87.260274, 87.260274, 87.260274, 87.260274, 87.260274, 87.260274, 87.260274, 87.260274, 87.260274, 87.260274, 87.260274, 87.260274, 87.260274, 87.260274, 87.260274, 87.260274, 87.260274, 87.260274, 87.260274, 87.260274, 87.260274, 87.260274, 87.260274, 87.260274, 87.260274, 87.260274, 87.260274, 87.260274, 87.260274, 87.260274, 87.260274, 87.260274, 87.260274, 87.260274, 87.260274, 87.260274, 87.260274, 87.260274, 87.260274, 87.260274, 87.260274, 87.260274, 87.260274, 87.260274, 87.260274, 87.260274, 87.260274, 87.260274, 87.260274, 87.260274, 87.260274, 87.260274, 87.260274, 87.260274, 87.260274
PayLastFixingPayoff_1F : -165.000000, -154.000000, -142.000000, -130.000000, -119.000000, -107.000000, -95.000000, -83.000000, -71.000000, -59.000000, -47.000000, -36.000000, -24.000000, -12.000000, -0.000000, 12.000000, 24.000000, 36.000000, 49.000000, 61.000000, 73.000000, 85.000000, 97.000000, 109.000000, 121.000000, 134.000000, 146.000000, 158.000000, 170.000000, 183.000000, 195.000000, 207.000000, 220.000000, 232.000000, 245.000000, 257.000000, 269.000000, 282.000000, 294.000000, 307.000000, 319.000000, 332.000000, 345.000000, 357.000000, 370.000000, 383.000000, 395.000000, 408.000000, 421.000000, 433.000000, 446.000000, 459.000000, 472.000000, 485.000000, 497.000000, 510.000000, 523.000000, 536.000000, 549.000000, 562.000000, 575.000000, 588.000000, 601.000000, 614.000000, 627.000000, 640.000000, 653.000000, 666.000000, 679.000000, 693.000000, 706.000000, 719.000000, 732.000000, 745.000000, 759.000000, 772.000000, 785.000000, 799.000000, 812.000000, 825.000000, 839.000000, 852.000000, 865.000000, 879.000000, 892.000000, 906.000000, 919.000000, 933.000000, 946.000000, 960.000000, 974.000000, 987.000000, 1001.000000, 1014.000000, 1028.000000, 1042.000000, 1055.000000, 1069.000000, 1083.000000, 1097.000000
DF_in_FDMTimeGreed : 20260921.000000, 2.049315, 2.227397, 0.994959
DF_in_FDMTimeGreed : 20260622.000000, 1.800000, 2.049315, 0.993134
DF_in_FDMTimeGreed : 20260320.000000, 1.542466, 1.800000, 0.992792
DF_in_FDMTimeGreed : 20251222.000000, 1.301370, 1.542466, 0.993302
RcvLastFixingPayoff_1F : 87.260274, 87.260274, 87.260274, 87.260274, 87.260274, 87.260274, 87.260274, 87.260274, 87.260274, 87.260274, 87.260274, 87.260274, 87.260274, 87.260274, 87.260274, 87.260274, 87.260274, 87.260274, 87.260274, 87.260274, 87.260274, 87.260274, 87.260274, 87.260274, 87.260274, 87.260274, 87.260274, 87.260274, 87.260274, 87.260274, 87.260274, 87.260274, 87.260274, 87.260274, 87.260274, 87.260274, 87.260274, 87.260274, 87.260274, 87.260274, 87.260274, 87.260274, 87.260274, 87.260274, 87.260274, 87.260274, 87.260274, 87.260274, 87.260274, 87.260274, 87.260274, 87.260274, 87.260274, 87.260274, 87.260274, 87.260274, 87.260274, 87.260274, 87.260274, 87.260274, 87.260274, 87.260274, 87.260274, 87.260274, 87.260274, 87.260274, 87.260274, 87.260274, 87.260274, 87.260274, 87.260274, 87.260274, 87.260274, 87.260274, 87.260274, 87.260274, 87.260274, 87.260274, 87.260274, 87.260274, 87.260274, 87.260274, 87.260274, 87.260274, 87.260274, 87.260274, 87.260274, 87.260274, 87.260274, 87.260274, 87.260274, 87.260274, 87.260274, 87.260274, 87.260274, 87.260274, 87.260274, 87.260274, 87.260274, 87.260274
PayLastFixingPayoff_1F : -166.000000, -154.000000, -143.000000, -131.000000, -119.000000, -107.000000, -96.000000, -84.000000, -72.000000, -60.000000, -48.000000, -36.000000, -24.000000, -12.000000, -0.000000, 12.000000, 24.000000, 36.000000, 48.000000, 60.000000, 72.000000, 84.000000, 96.000000, 109.000000, 121.000000, 133.000000, 145.000000, 157.000000, 170.000000, 182.000000, 194.000000, 207.000000, 219.000000, 231.000000, 244.000000, 256.000000, 269.000000, 281.000000, 294.000000, 306.000000, 319.000000, 331.000000, 344.000000, 357.000000, 369.000000, 382.000000, 395.000000, 407.000000, 420.000000, 433.000000, 446.000000, 458.000000, 471.000000, 484.000000, 497.000000, 510.000000, 523.000000, 535.000000, 548.000000, 561.000000, 574.000000, 587.000000, 600.000000, 613.000000, 626.000000, 640.000000, 653.000000, 666.000000, 679.000000, 692.000000, 705.000000, 718.000000, 732.000000, 745.000000, 758.000000, 771.000000, 785.000000, 798.000000, 811.000000, 825.000000, 838.000000, 852.000000, 865.000000, 878.000000, 892.000000, 905.000000, 919.000000, 932.000000, 946.000000, 959.000000, 973.000000, 987.000000, 1000.000000, 1014.000000, 1028.000000, 1041.000000, 1055.000000, 1069.000000, 1082.000000, 1096.000000
DF_in_FDMTimeGreed : 20251126.000000, 1.230137, 1.301370, 0.997982
RcvLastFixingPayoff_1F : 87.260274, 87.260274, 87.260274, 87.260274, 87.260274, 87.260274, 87.260274, 87.260274, 87.260274, 87.260274, 87.260274, 87.260274, 87.260274, 87.260274, 87.260274, 87.260274, 87.260274, 87.260274, 87.260274, 87.260274, 87.260274, 87.260274, 87.260274, 87.260274, 87.260274, 87.260274, 87.260274, 87.260274, 87.260274, 87.260274, 87.260274, 87.260274, 87.260274, 87.260274, 87.260274, 87.260274, 87.260274, 87.260274, 87.260274, 87.260274, 87.260274, 87.260274, 87.260274, 87.260274, 87.260274, 87.260274, 87.260274, 87.260274, 87.260274, 87.260274, 87.260274, 87.260274, 87.260274, 87.260274, 87.260274, 87.260274, 87.260274, 87.260274, 87.260274, 87.260274, 87.260274, 87.260274, 87.260274, 87.260274, 87.260274, 87.260274, 87.260274, 87.260274, 87.260274, 87.260274, 87.260274, 87.260274, 87.260274, 87.260274, 87.260274, 87.260274, 87.260274, 87.260274, 87.260274, 87.260274, 87.260274, 87.260274, 87.260274, 87.260274, 87.260274, 87.260274, 87.260274, 87.260274, 87.260274, 87.260274, 87.260274, 87.260274, 87.260274, 87.260274, 87.260274, 87.260274, 87.260274, 87.260274, 87.260274, 87.260274
PayLastFixingPayoff_1F : -166.000000, -154.000000, -143.000000, -131.000000, -119.000000, -107.000000, -96.000000, -84.000000, -72.000000, -60.000000, -48.000000, -36.000000, -24.000000, -12.000000, -0.000000, 12.000000, 24.000000, 36.000000, 48.000000, 60.000000, 72.000000, 84.000000, 96.000000, 109.000000, 121.000000, 133.000000, 145.000000, 157.000000, 170.000000, 182.000000, 194.000000, 207.000000, 219.000000, 231.000000, 244.000000, 256.000000, 269.000000, 281.000000, 294.000000, 306.000000, 319.000000, 331.000000, 344.000000, 357.000000, 369.000000, 382.000000, 395.000000, 407.000000, 420.000000, 433.000000, 446.000000, 458.000000, 471.000000, 484.000000, 497.000000, 510.000000, 523.000000, 535.000000, 548.000000, 561.000000, 574.000000, 587.000000, 600.000000, 613.000000, 626.000000, 640.000000, 653.000000, 666.000000, 679.000000, 692.000000, 705.000000, 718.000000, 732.000000, 745.000000, 758.000000, 771.000000, 785.000000, 798.000000, 811.000000, 825.000000, 838.000000, 852.000000, 865.000000, 878.000000, 892.000000, 905.000000, 919.000000, 932.000000, 946.000000, 959.000000, 973.000000, 987.000000, 1000.000000, 1014.000000, 1028.000000, 1041.000000, 1055.000000, 1069.000000, 1082.000000, 1096.000000
DF_in_FDMTimeGreed : 20250922.000000, 1.052055, 1.230137, 0.994860
DF_in_FDMTimeGreed : 20250620.000000, 0.794521, 1.052055, 0.992603
DF_in_FDMTimeGreed : 20250320.000000, 0.542466, 0.794521, 0.992328
DF_in_FDMTimeGreed : 20241220.000000, 0.295890, 0.542466, 0.991996
RcvLastFixingPayoff_1F : 87.260274, 87.260274, 87.260274, 87.260274, 87.260274, 87.260274, 87.260274, 87.260274, 87.260274, 87.260274, 87.260274, 87.260274, 87.260274, 87.260274, 87.260274, 87.260274, 87.260274, 87.260274, 87.260274, 87.260274, 87.260274, 87.260274, 87.260274, 87.260274, 87.260274, 87.260274, 87.260274, 87.260274, 87.260274, 87.260274, 87.260274, 87.260274, 87.260274, 87.260274, 87.260274, 87.260274, 87.260274, 87.260274, 87.260274, 87.260274, 87.260274, 87.260274, 87.260274, 87.260274, 87.260274, 87.260274, 87.260274, 87.260274, 87.260274, 87.260274, 87.260274, 87.260274, 87.260274, 87.260274, 87.260274, 87.260274, 87.260274, 87.260274, 87.260274, 87.260274, 87.260274, 87.260274, 87.260274, 87.260274, 87.260274, 87.260274, 87.260274, 87.260274, 87.260274, 87.260274, 87.260274, 87.260274, 87.260274, 87.260274, 87.260274, 87.260274, 87.260274, 87.260274, 87.260274, 87.260274, 87.260274, 87.260274, 87.260274, 87.260274, 87.260274, 87.260274, 87.260274, 87.260274, 87.260274, 87.260274, 87.260274, 87.260274, 87.260274, 87.260274, 87.260274, 87.260274, 87.260274, 87.260274, 87.260274, 87.260274
PayLastFixingPayoff_1F : -166.000000, -155.000000, -143.000000, -131.000000, -119.000000, -107.000000, -96.000000, -84.000000, -72.000000, -60.000000, -48.000000, -36.000000, -24.000000, -12.000000, -0.000000, 12.000000, 24.000000, 36.000000, 48.000000, 60.000000, 72.000000, 85.000000, 97.000000, 109.000000, 121.000000, 133.000000, 146.000000, 158.000000, 170.000000, 183.000000, 195.000000, 207.000000, 220.000000, 232.000000, 245.000000, 257.000000, 270.000000, 282.000000, 295.000000, 307.000000, 320.000000, 332.000000, 345.000000, 358.000000, 370.000000, 383.000000, 396.000000, 408.000000, 421.000000, 434.000000, 447.000000, 460.000000, 472.000000, 485.000000, 498.000000, 511.000000, 524.000000, 537.000000, 550.000000, 563.000000, 576.000000, 589.000000, 602.000000, 615.000000, 628.000000, 641.000000, 655.000000, 668.000000, 681.000000, 694.000000, 707.000000, 721.000000, 734.000000, 747.000000, 760.000000, 774.000000, 787.000000, 800.000000, 814.000000, 827.000000, 841.000000, 854.000000, 868.000000, 881.000000, 895.000000, 908.000000, 922.000000, 935.000000, 949.000000, 962.000000, 976.000000, 990.000000, 1003.000000, 1017.000000, 1031.000000, 1044.000000, 1058.000000, 1072.000000, 1086.000000, 1100.000000
DF_in_FDMTimeGreed : 20241126.000000, 0.230137, 0.295890, 0.997759
RcvLastFixingPayoff_1F : 87.260274, 87.260274, 87.260274, 87.260274, 87.260274, 87.260274, 87.260274, 87.260274, 87.260274, 87.260274, 87.260274, 87.260274, 87.260274, 87.260274, 87.260274, 87.260274, 87.260274, 87.260274, 87.260274, 87.260274, 87.260274, 87.260274, 87.260274, 87.260274, 87.260274, 87.260274, 87.260274, 87.260274, 87.260274, 87.260274, 87.260274, 87.260274, 87.260274, 87.260274, 87.260274, 87.260274, 87.260274, 87.260274, 87.260274, 87.260274, 87.260274, 87.260274, 87.260274, 87.260274, 87.260274, 87.260274, 87.260274, 87.260274, 87.260274, 87.260274, 87.260274, 87.260274, 87.260274, 87.260274, 87.260274, 87.260274, 87.260274, 87.260274, 87.260274, 87.260274, 87.260274, 87.260274, 87.260274, 87.260274, 87.260274, 87.260274, 87.260274, 87.260274, 87.260274, 87.260274, 87.260274, 87.260274, 87.260274, 87.260274, 87.260274, 87.260274, 87.260274, 87.260274, 87.260274, 87.260274, 87.260274, 87.260274, 87.260274, 87.260274, 87.260274, 87.260274, 87.260274, 87.260274, 87.260274, 87.260274, 87.260274, 87.260274, 87.260274, 87.260274, 87.260274, 87.260274, 87.260274, 87.260274, 87.260274, 87.260274
PayLastFixingPayoff_1F : -166.000000, -155.000000, -143.000000, -131.000000, -119.000000, -107.000000, -96.000000, -84.000000, -72.000000, -60.000000, -48.000000, -36.000000, -24.000000, -12.000000, -0.000000, 12.000000, 24.000000, 36.000000, 48.000000, 60.000000, 72.000000, 85.000000, 97.000000, 109.000000, 121.000000, 133.000000, 146.000000, 158.000000, 170.000000, 183.000000, 195.000000, 207.000000, 220.000000, 232.000000, 245.000000, 257.000000, 270.000000, 282.000000, 295.000000, 307.000000, 320.000000, 332.000000, 345.000000, 358.000000, 370.000000, 383.000000, 396.000000, 408.000000, 421.000000, 434.000000, 447.000000, 460.000000, 472.000000, 485.000000, 498.000000, 511.000000, 524.000000, 537.000000, 550.000000, 563.000000, 576.000000, 589.000000, 602.000000, 615.000000, 628.000000, 641.000000, 655.000000, 668.000000, 681.000000, 694.000000, 707.000000, 721.000000, 734.000000, 747.000000, 760.000000, 774.000000, 787.000000, 800.000000, 814.000000, 827.000000, 841.000000, 854.000000, 868.000000, 881.000000, 895.000000, 908.000000, 922.000000, 935.000000, 949.000000, 962.000000, 976.000000, 990.000000, 1003.000000, 1017.000000, 1031.000000, 1044.000000, 1058.000000, 1072.000000, 1086.000000, 1100.000000
DF_in_FDMTimeGreed : 20240920.000000, 0.046575, 0.230137, 0.993607
DF_in_FDMTimeGreed : 20240903.000000, 0.000000, 0.046575, 0.998369
