PriceDate_Exl : 44848
GreekFlag : 0
NAFlag : 0
CRS_Flag : 0, 1
CRS_Info : 1.000000
CRS_Info : 1200.000000
CRS_Info : 1050.000000
Rcv_RefRateType : 0
Rcv_SwapYearlyNPayment : 4
Rcv_SwapMaturity : 10.000000
Rcv_FixFloFlag : 1
Rcv_DayCount : 0
Rcv_NotionalAMT : 10000000000.000000
Rcv_NotionalPayDate : 46823
RcvDisc_NTerm : 12
RcvDisc_Term : 0.002740, 0.250000, 0.500000, 1.000000, 1.500000, 2.000000, 3.000000, 4.000000, 5.000000, 10.000000, 20.000000, 30.000000
RcvDisc_Rate : 0.031520, 0.032610, 0.033500, 0.034510, 0.040000, 0.042230, 0.042500, 0.043450, 0.042890, 0.042740, 0.041400, 0.040490
RcvRef_NTerm : 12
RcvRef_Term : 0.002740, 0.250000, 0.500000, 1.000000, 1.500000, 2.000000, 3.000000, 4.000000, 5.000000, 10.000000, 20.000000, 30.000000
RcvRef_Rate : 0.031520, 0.032610, 0.033500, 0.034510, 0.040000, 0.042230, 0.042500, 0.043450, 0.042890, 0.042740, 0.041400, 0.040490
NRcvCF : 40
RcvCashFlowSchedule : 43169, 43261, 43353, 43444, 43534, 43626, 43718, 43809, 43900, 43992, 44084, 44175, 44265, 44357, 44449, 44540, 44630, 44722, 44814, 44905, 44995, 45087, 45179, 45270, 45361, 45453, 45545, 45636, 45726, 45818, 45910, 46001, 46091, 46183, 46275, 46366, 46456, 46548, 46640, 46731
Rcv_Slope : 1.000000, 1.000000, 1.000000, 1.000000, 1.000000, 1.000000, 1.000000, 1.000000, 1.000000, 1.000000, 1.000000, 1.000000, 1.000000, 1.000000, 1.000000, 1.000000, 1.000000, 1.000000, 1.000000, 1.000000, 1.000000, 1.000000, 1.000000, 1.000000, 1.000000, 1.000000, 1.000000, 1.000000, 1.000000, 1.000000, 1.000000, 1.000000, 1.000000, 1.000000, 1.000000, 1.000000, 1.000000, 1.000000, 1.000000, 1.000000
Rcv_CPN : 0.000000, 0.000000, 0.000000, 0.000000, 0.000000, 0.000000, 0.000000, 0.000000, 0.000000, 0.000000, 0.000000, 0.000000, 0.000000, 0.000000, 0.000000, 0.000000, 0.000000, 0.000000, 0.000000, 0.000000, 0.000000, 0.000000, 0.000000, 0.000000, 0.000000, 0.000000, 0.000000, 0.000000, 0.000000, 0.000000, 0.000000, 0.000000, 0.000000, 0.000000, 0.000000, 0.000000, 0.000000, 0.000000, 0.000000, 0.000000
Rcv_FixedRefRate : 0.000000, 0.000000, 0.000000, 0.000000, 0.000000, 0.000000, 0.000000, 0.000000, 0.000000, 0.000000, 0.000000, 0.000000, 0.000000, 0.000000, 0.000000, 0.000000, 0.000000, 0.000000, 0.030900, 0.000000, 0.000000, 0.000000, 0.000000, 0.000000, 0.000000, 0.000000, 0.000000, 0.000000, 0.000000, 0.000000, 0.000000, 0.000000, 0.000000, 0.000000, 0.000000, 0.000000, 0.000000, 0.000000, 0.000000, 0.000000
Pay_RefRateType : 0
Pay_SwapYearlyNPayment : 0
Pay_SwapMaturity : 0.000000
Pay_FixFloFlag : 1
Pay_DayCount : 0
Pay_NotionalAMT : 10000000000.000000
Pay_NotionalPayDate : 46823
PayDisc_NTerm : 10
PayDisc_Term : 0.250000, 0.500000, 1.000000, 2.000000, 3.000000, 5.000000, 7.000000, 10.000000, 20.000000, 30.000000
PayDisc_Rate : 0.042140, 0.045100, 0.048210, 0.047410, 0.047270, 0.045090, 0.044120, 0.042840, 0.045840, 0.046840
PayRef_NTerm : 10
PayRef_Term : 0.250000, 0.500000, 1.000000, 2.000000, 3.000000, 5.000000, 7.000000, 10.000000, 20.000000, 30.000000
PayRef_Rate : 0.042140, 0.045100, 0.048210, 0.047410, 0.047270, 0.045090, 0.044120, 0.042840, 0.045840, 0.046840
NPayCF : 40
PayCashFlowSchedule : 43169, 43261, 43353, 43444, 43534, 43626, 43718, 43809, 43900, 43992, 44084, 44175, 44265, 44357, 44449, 44540, 44630, 44722, 44814, 44905, 44995, 45087, 45179, 45270, 45361, 45453, 45545, 45636, 45726, 45818, 45910, 46001, 46091, 46183, 46275, 46366, 46456, 46548, 46640, 46731
Pay_Slope : 1.000000, 1.000000, 1.000000, 1.000000, 1.000000, 1.000000, 1.000000, 1.000000, 1.000000, 1.000000, 1.000000, 1.000000, 1.000000, 1.000000, 1.000000, 1.000000, 1.000000, 1.000000, 1.000000, 1.000000, 1.000000, 1.000000, 1.000000, 1.000000, 1.000000, 1.000000, 1.000000, 1.000000, 1.000000, 1.000000, 1.000000, 1.000000, 1.000000, 1.000000, 1.000000, 1.000000, 1.000000, 1.000000, 1.000000, 1.000000
Pay_CPN : 0.000000, 0.000000, 0.000000, 0.000000, 0.000000, 0.000000, 0.000000, 0.000000, 0.000000, 0.000000, 0.000000, 0.000000, 0.000000, 0.000000, 0.000000, 0.000000, 0.000000, 0.000000, 0.000000, 0.000000, 0.000000, 0.000000, 0.000000, 0.000000, 0.000000, 0.000000, 0.000000, 0.000000, 0.000000, 0.000000, 0.000000, 0.000000, 0.000000, 0.000000, 0.000000, 0.000000, 0.000000, 0.000000, 0.000000, 0.000000
Pay_FixedRefRate : 0.000000, 0.000000, 0.000000, 0.000000, 0.000000, 0.000000, 0.000000, 0.000000, 0.000000, 0.000000, 0.000000, 0.000000, 0.000000, 0.000000, 0.000000, 0.000000, 0.000000, 0.000000, 0.039140, 0.000000, 0.000000, 0.000000, 0.000000, 0.000000, 0.000000, 0.000000, 0.000000, 0.000000, 0.000000, 0.000000, 0.000000, 0.000000, 0.000000, 0.000000, 0.000000, 0.000000, 0.000000, 0.000000, 0.000000, 0.000000
SOFRConv : 0, 0, 0, 0, 0, 0
NHolidays : 420, 292
Holidays : 43101, 43146, 43147, 43148, 43160, 43221, 43227, 43242, 43257, 43327, 43367, 43368, 43369, 43376, 43382, 43459, 43466, 43500, 43501, 43502, 43525, 43586, 43591, 43598, 43622, 43692, 43720, 43721, 43722, 43741, 43747, 43824, 43831, 43854, 43855, 43857, 43892, 43951, 43952, 43956, 43988, 44060, 44060, 44104, 44105, 44106, 44109, 44113, 44190, 44197, 44238, 44239, 44240, 44256, 44317, 44321, 44335, 44353, 44424, 44459, 44460, 44461, 44473, 44480, 44557, 44562, 44592, 44593, 44594, 44621, 44629, 44682, 44686, 44690, 44713, 44718, 44788, 44813, 44814, 44816, 44837, 44844, 44921, 44927, 44947, 44949, 44950, 44986, 45047, 45051, 45075, 45083, 45153, 45197, 45198, 45199, 45202, 45208, 45285, 45292, 45331, 45332, 45334, 45352, 45392, 45413, 45418, 45427, 45449, 45519, 45551, 45552, 45553, 45568, 45574, 45651, 45658, 45685, 45686, 45687, 45719, 45778, 45782, 45782, 45814, 45884, 45933, 45936, 45937, 45938, 45939, 46016, 46023, 46069, 46070, 46071, 46083, 46143, 46147, 46167, 46179, 46251, 46289, 46290, 46291, 46300, 46304, 46381, 46388, 46424, 46426, 46427, 46447, 46508, 46512, 46520, 46544, 46615, 46644, 46645, 46646, 46664, 46671, 46748, 46753, 46778, 46779, 46780, 46813, 46874, 46875, 46878, 46910, 46980, 47028, 47029, 47029, 47030, 47035, 47112, 47119, 47161, 47162, 47163, 47178, 47239, 47245, 47259, 47275, 47345, 47382, 47383, 47385, 47394, 47400, 47477, 47484, 47516, 47518, 47519, 47543, 47604, 47609, 47612, 47640, 47710, 47737, 47738, 47739, 47759, 47765, 47842, 47849, 47870, 47871, 47872, 47910, 47969, 47973, 47996, 48005, 48075, 48121, 48122, 48123, 48124, 48130, 48207, 48214, 48254, 48255, 48256, 48274, 48335, 48339, 48351, 48371, 48442, 48475, 48477, 48478, 48491, 48498, 48575, 48580, 48610, 48611, 48612, 48639, 48700, 48704, 48705, 48736, 48806, 48829, 48830, 48831, 48855, 48862, 48939, 48945, 48993, 48995, 48996, 49004, 49065, 49069, 49089, 49101, 49171, 49213, 49214, 49215, 49220, 49226, 49303, 49310, 49347, 49348, 49349, 49369, 49430, 49436, 49444, 49466, 49536, 49567, 49569, 49570, 49585, 49591, 49668, 49675, 49702, 49703, 49704, 49737, 49796, 49800, 49800, 49832, 49902, 49951, 49951, 49952, 49954, 49957, 50034, 50041, 50085, 50087, 50088, 50101, 50161, 50165, 50182, 50197, 50269, 50306, 50307, 50308, 50318, 50322, 50399, 50406, 50439, 50440, 50441, 50465, 50526, 50530, 50536, 50562, 50633, 50661, 50662, 50663, 50682, 50689, 50766, 50771, 50794, 50795, 50796, 50830, 50891, 50892, 50895, 50927, 50997, 51044, 51046, 51046, 51047, 51053, 51130, 51136, 51177, 51179, 51180, 51196, 51257, 51263, 51274, 51293, 51363, 51399, 51400, 51401, 51412, 51418, 51495, 51502, 51532, 51533, 51534, 51561, 51622, 51627, 51628, 51658, 51728, 51753, 51754, 51755, 51777, 51783, 51860, 51867, 51887, 51888, 51889, 51928, 51987, 51991, 52012, 52023, 52093, 52136, 52138, 52139, 52142, 52148, 52225, 52232, 52271, 52272, 52273, 52292, 52352, 52356, 52369, 52388, 52460, 52490, 52491, 52492, 52509, 52513, 52590, 43101, 43115, 43150, 43248, 43270, 43285, 43346, 43381, 43416, 43426, 43459, 43466, 43486, 43514, 43612, 43635, 43650, 43710, 43752, 43780, 43797, 43824, 43831, 43850, 43878, 43976, 44001, 44015, 44081, 44116, 44146, 44161, 44190, 44197, 44214, 44216, 44242, 44347, 44365, 44382, 44445, 44480, 44511, 44525, 44554, 44561, 44578, 44613, 44711, 44732, 44746, 44809, 44844, 44876, 44889, 44921, 44928, 44942, 44977, 45075, 45096, 45111, 45173, 45208, 45240, 45253, 45285, 45292, 45306, 45341, 45439, 45462, 45477, 45537, 45579, 45607, 45624, 45651, 45658, 45677, 45677, 45705, 45803, 45827, 45842, 45901, 45943, 45972, 45988, 46016, 46023, 46041, 46069, 46167, 46192, 46206, 46272, 46307, 46337, 46352, 46381, 46388, 46405, 46433, 46538, 46556, 46573, 46636, 46671, 46702, 46716, 46745, 46752, 46769, 46804, 46902, 46923, 46938, 47000, 47035, 47067, 47080, 47112, 47119, 47133, 47137, 47168, 47266, 47288, 47303, 47364, 47399, 47434, 47444, 47477, 47484, 47504, 47532, 47630, 47653, 47668, 47728, 47770, 47798, 47815, 47842, 47849, 47868, 47896, 47994, 48018, 48033, 48092, 48134, 48163, 48179, 48207, 48214, 48232, 48260, 48365, 48383, 48400, 48463, 48498, 48529, 48543, 48572, 48579, 48596, 48599, 48631, 48729, 48750, 48764, 48827, 48862, 48894, 48907, 48939, 48946, 48960, 48995, 49093, 49114, 49129, 49191, 49226, 49258, 49271, 49303, 49310, 49324, 49359, 49457, 49479, 49494, 49555, 49590, 49625, 49635, 49668, 49675, 49695, 49723, 49821, 49845, 49860, 49919, 49961, 49990, 50006, 50034, 50041, 50059, 50060, 50087, 50185, 50210, 50224, 50290, 50325, 50355, 50370, 50399, 50406, 50423, 50451, 50556, 50574, 50591, 50654, 50689, 50720, 50734, 50763, 50770, 50787, 50822, 50920, 50941, 50955, 51018, 51053, 51085, 51098, 51130, 51137, 51151, 51186, 51284, 51306, 51321, 51382, 51417, 51452, 51462, 51495, 51502, 51522, 51522, 51550, 51648, 51671, 51686, 51746, 51788, 51816, 51833, 51860, 51867, 51886, 51914, 52012, 52036, 52051, 52110, 52152, 52181, 52197, 52225, 52232, 52250, 52278, 52376, 52401, 52415, 52481, 52516, 52546, 52561, 52590
NHistory : 66, 66
HistoryDateExl : 44758, 44759, 44760, 44761, 44762, 44763, 44764, 44765, 44766, 44767, 44768, 44769, 44770, 44771, 44772, 44773, 44774, 44775, 44776, 44777, 44778, 44779, 44780, 44781, 44782, 44783, 44784, 44785, 44786, 44787, 44788, 44789, 44790, 44791, 44792, 44793, 44794, 44795, 44796, 44797, 44798, 44799, 44800, 44801, 44802, 44803, 44804, 44805, 44806, 44807, 44808, 44809, 44810, 44811, 44812, 44813, 44814, 44815, 44816, 44817, 44818, 44819, 44820, 44821, 44822, 44823, 44758, 44759, 44760, 44761, 44762, 44763, 44764, 44765, 44766, 44767, 44768, 44769, 44770, 44771, 44772, 44773, 44774, 44775, 44776, 44777, 44778, 44779, 44780, 44781, 44782, 44783, 44784, 44785, 44786, 44787, 44788, 44789, 44790, 44791, 44792, 44793, 44794, 44795, 44796, 44797, 44798, 44799, 44800, 44801, 44802, 44803, 44804, 44805, 44806, 44807, 44808, 44809, 44810, 44811, 44812, 44813, 44814, 44815, 44816, 44817, 44818, 44819, 44820, 44821, 44822, 44823
HistoryRate : 0.030900, 0.030900, 0.030900, 0.030900, 0.030900, 0.030900, 0.030900, 0.030900, 0.030900, 0.030900, 0.030900, 0.030900, 0.030900, 0.030900, 0.030900, 0.030900, 0.030900, 0.030900, 0.030900, 0.030900, 0.030900, 0.030900, 0.030900, 0.030900, 0.030900, 0.030900, 0.030900, 0.030900, 0.030900, 0.030900, 0.030900, 0.030900, 0.030900, 0.030900, 0.030900, 0.030900, 0.030900, 0.030900, 0.030900, 0.030900, 0.030900, 0.030900, 0.030900, 0.030900, 0.030900, 0.030900, 0.030900, 0.030900, 0.030900, 0.030900, 0.030900, 0.030900, 0.030900, 0.030900, 0.030900, 0.030900, 0.030900, 0.030900, 0.030900, 0.030900, 0.030900, 0.030900, 0.030900, 0.030900, 0.030900, 0.030900, 0.039140, 0.039140, 0.039140, 0.039140, 0.039140, 0.039140, 0.039140, 0.039140, 0.039140, 0.039140, 0.039140, 0.039140, 0.039140, 0.039140, 0.039140, 0.039140, 0.039140, 0.039140, 0.039140, 0.039140, 0.039140, 0.039140, 0.039140, 0.039140, 0.039140, 0.039140, 0.039140, 0.039140, 0.039140, 0.039140, 0.039140, 0.039140, 0.039140, 0.039140, 0.039140, 0.039140, 0.039140, 0.039140, 0.039140, 0.039140, 0.039140, 0.039140, 0.039140, 0.039140, 0.039140, 0.039140, 0.039140, 0.039140, 0.039140, 0.039140, 0.039140, 0.039140, 0.039140, 0.039140, 0.039140, 0.039140, 0.039140, 0.039140, 0.039140, 0.039140, 0.039140, 0.039140, 0.039140, 0.039140, 0.039140, 0.039140
RcvPayConvexityAdjFlag : 0, 0
NRcvPayConvexAdjVol : 10, 10
RcvTermAndVol : 0.002740, 0.250000, 0.500000, 1.000000, 1.500000, 2.000000, 3.000000, 4.000000, 5.000000, 6.000000, 0.081520, 0.082610, 0.083500, 0.084510, 0.090000, 0.092230, 0.092500, 0.093450, 0.092890, 0.092890
PayTermAndVol : 0.002740, 0.250000, 0.500000, 1.000000, 1.500000, 2.000000, 3.000000, 4.000000, 5.000000, 6.000000, 0.081520, 0.082610, 0.083500, 0.084510, 0.090000, 0.092230, 0.092500, 0.093450, 0.092890, 0.092890
