PricingDate_Excel : 42919
NSimul : 10000
GreekFlag : 0
FaceValue : 10000.000000
FaceValueFlag : 1
MaxProfit : 100000.000000
MaxLoss : 1.000000
NEvaluate : 6
KI_Barrier_Level : 0.500000
Now_KI_State : 0
KI_Method : 1
EvalDate_Excel : 43103, 43284, 43468, 43649, 43833, 44015
PayDate_Excel : 43108, 43287, 43473, 43654, 43838, 44020
NStrike : 1, 1, 1, 1, 1, 1
StrikeLevel : 0.900000, 0.850000, 0.800000, 0.750000, 0.700000, 0.650000
StrikeLevel : 0.000000, 0.000000, 0.000000, 0.000000, 0.000000, 0.000000
StrikeLevel : 0.000000, 0.000000, 0.000000, 0.000000, 0.000000, 0.000000
Slope : 0.000000, 0.000000, 0.000000, 0.000000, 0.000000, 0.000000, 0.000000, 1.000000
Slope : 0.000000, 0.000000, 0.000000, 0.000000, 0.000000, 0.000000, 0.000000, 0.000000
Slope : 0.000000, 0.000000, 0.000000, 0.000000, 0.000000, 0.000000, 0.000000, 0.000000
FixedAmount : 0.025000, 0.050000, 0.075000, 0.100000, 0.125000, 0.150000, 0.150000, 0.000000
FixedAmount : 0.000000, 0.000000, 0.000000, 0.000000, 0.000000, 0.000000, 0.000000, 0.000000
FixedAmount : 0.000000, 0.000000, 0.000000, 0.000000, 0.000000, 0.000000, 0.000000, 0.000000
NLizard : 0
NStock : 3
S0X0 : 100.000000, 100.000000, 100.000000, 100.000000, 100.000000, 100.000000, 100.000000, 100.000000, 100.000000
Correlation : 1.000000, 0.316000, 0.592000
Correlation : 0.316000, 1.000000, 0.625000
Correlation : 0.592000, 0.625000, 1.000000
NTerm : 11, 11, 11, 11
TermRate : 0.002778, 0.250000, 0.500000, 0.750000, 1.000000, 2.000000, 3.000000, 4.000000, 5.000000, 7.000000, 10.000000, 0.002778, 0.250000, 0.500000, 0.750000, 1.000000, 2.000000, 3.000000, 4.000000, 5.000000, 7.000000, 10.000000, 0.002778, 0.250000, 0.500000, 0.750000, 1.000000, 2.000000, 3.000000, 4.000000, 5.000000, 7.000000, 10.000000, 0.002778, 0.250000, 0.500000, 0.750000, 1.000000, 2.000000, 3.000000, 4.000000, 5.000000, 7.000000, 10.000000
Rate : 0.014300, 0.016500, 0.017150, 0.017850, 0.018425, 0.020075, 0.021100, 0.021800, 0.022280, 0.022800, 0.023525, 0.014300, 0.016500, 0.017150, 0.017850, 0.018425, 0.020075, 0.021100, 0.021800, 0.022280, 0.022800, 0.023525, 0.014300, 0.016500, 0.017150, 0.017850, 0.018425, 0.020075, 0.021100, 0.021800, 0.022280, 0.022800, 0.023525, 0.014300, 0.016500, 0.017150, 0.017850, 0.018425, 0.020075, 0.021100, 0.021800, 0.022280, 0.022800, 0.023525
NDivTerm : 3, 2, 3
DivFlag : 0, 0, 0
TermDiv : 1.000000, 2.000000, 3.000000, 1.000000, 2.000000, 1.000000, 2.000000, 3.000000
Div : 0.035000, 0.035000, 0.035000, 0.035000, 0.035000, 0.035000, 0.035000, 0.035000
QuantoFlag : 0, 0, 0
QuantoCorr : 0.070000, -0.030000, 0.000000
NTermQuanto : 8, 9, 10
TermQuanto : 0.002778, 0.250000, 0.500000, 0.002778, 0.250000, 0.002778, 0.250000, 0.500000, 0.000000, 0.000000, 0.000000, 0.000000, 0.000000, 0.000000, 0.000000, 0.000000, 0.000000, 0.000000, 0.000000, 0.000000, 0.000000, 0.000000, 0.000000, 0.000000, 0.000000, 0.000000, 0.000000
VolQuanto : 0.050000, 0.050000, 0.050000, 0.050000, 0.050000, 0.000000, 0.000000, 0.000000, 0.000000, 0.000000, 0.000000, 0.000000, 0.000000, 0.000000, 0.000000, 0.000000, 0.000000, 0.000000, 0.000000, 0.000000, 0.000000, 0.000000, 0.000000, 0.000000, 0.000000, 0.000000, 0.000000
ImVolLocalVolFlag : 2, 1, 0
NParityVol : 9, 4, 3
ParityVol : 0.500000, 0.600000, 0.700000, 0.800000, 0.900000, 1.000000, 1.100000, 1.200000, 1.300000, 0.900000, 1.000000, 1.100000, 1.200000, 0.900000, 1.000000, 1.100000
NTermVol : 10, 3, 3
TermVol : 0.333333, 0.666667, 1.000000, 1.333333, 1.666667, 2.000000, 2.333333, 2.666667, 3.000000, 3.333333, 1.000000, 2.000000, 3.000000, 0.500000, 1.000000, 1.500000
VolMatrix : 0.399530, 0.354310, 0.341030, 0.312080, 0.292000, 0.278350, 0.268560, 0.258470, 0.247700, 0.243340
VolMatrix : 0.358720, 0.304960, 0.295080, 0.269270, 0.251390, 0.238540, 0.230550, 0.223730, 0.215300, 0.212500
VolMatrix : 0.297490, 0.259450, 0.247460, 0.230020, 0.217590, 0.207270, 0.202040, 0.198330, 0.193620, 0.192240
VolMatrix : 0.241300, 0.217990, 0.208220, 0.197900, 0.190690, 0.183980, 0.181960, 0.180730, 0.178280, 0.178320
VolMatrix : 0.185830, 0.177580, 0.170820, 0.169690, 0.168910, 0.166190, 0.167120, 0.168030, 0.167410, 0.168850
VolMatrix : 0.134020, 0.141040, 0.142670, 0.147490, 0.151060, 0.151820, 0.155370, 0.158230, 0.159160, 0.161610
VolMatrix : 0.103270, 0.114130, 0.128100, 0.133460, 0.137860, 0.141730, 0.146820, 0.151090, 0.153860, 0.156730
VolMatrix : 0.109840, 0.108300, 0.121360, 0.126080, 0.131280, 0.137000, 0.142880, 0.148020, 0.152060, 0.155140
VolMatrix : 0.114820, 0.113900, 0.117930, 0.124750, 0.131030, 0.135490, 0.141800, 0.147750, 0.152600, 0.155970
VolMatrix : 0.250000, 0.240000, 0.245000
VolMatrix : 0.220000, 0.200000, 0.190000
VolMatrix : 0.200000, 0.190000, 0.195000
VolMatrix : 0.200000, 0.180000, 0.195000
VolMatrix : 0.200000, 0.200000, 0.200000
VolMatrix : 0.200000, 0.200000, 0.200000
VolMatrix : 0.200000, 0.200000, 0.200000
